1000 10
<UNK> 0.101529 -0.072980 0.016775 0.016468 -0.276400 -0.000295 -0.307590 0.124309 0.076065 -0.053040
在 0.350784 0.131293 -0.186425 0.103551 0.312771 0.223654 0.419789 0.629399 -0.104692 0.452221
和 0.427002 -0.172727 0.110649 0.538093 -0.179900 0.151010 0.307488 0.417544 0.252007 0.056496
是 0.021023 0.659238 -0.227151 0.403009 -0.259170 0.042657 0.397612 0.288675 -0.109325 0.292095
为 0.110026 0.152362 -0.150812 0.097308 0.239459 0.239382 0.244747 0.813197 0.050647 -0.425980
有 0.552892 0.657607 0.242174 -0.223147 0.150578 -0.544731 0.282406 0.399210 -0.168605 0.183802
不 0.193394 0.571336 0.011273 -0.631953 0.005829 -0.274422 -0.023997 -0.013214 -0.866096 0.253565
上 0.138763 -0.015256 -0.220346 -0.475511 -0.373795 0.015801 0.698463 0.015614 0.637598 -0.475428
对 0.059348 0.054180 -0.025560 0.485065 0.153109 0.101365 0.063605 0.630042 -0.313071 0.057651
中 -0.162456 -0.100319 -0.455903 -0.024733 -0.472043 -0.230168 0.699231 -0.003928 0.529315 -0.373432
发展 -0.228892 -0.062074 -0.247373 0.228453 0.503332 -0.797705 0.321597 -0.150602 0.048864 -0.785753
这 0.059772 0.001159 -0.108341 -0.511168 -0.462615 -0.788400 0.240060 0.039678 0.042811 0.317699
要 0.103303 0.339544 0.017293 -0.250114 -0.120100 0.320443 0.987050 0.071047 -0.599008 0.192389
与 0.171956 -0.003431 0.138622 0.544786 -0.045439 -0.109650 0.146308 0.557114 0.185601 0.086987
到 0.456225 0.615147 -0.063368 0.041565 0.396061 0.153808 0.314796 0.233046 0.719474 0.228657
他 -0.496104 -0.049022 -0.413516 -0.699408 -0.518360 -0.064539 0.387262 0.248758 -0.032166 0.323193
也 0.199005 0.165417 -0.631513 -0.422774 -0.603985 -0.096928 0.278372 -0.215193 -0.446070 0.133216
人 -0.069752 0.441782 -0.028078 -0.405537 -0.317477 -0.103660 -0.414340 -0.434711 -0.048982 0.429108
经济 -0.596500 -0.190495 0.232624 0.477791 0.459784 -0.594215 -0.244372 -0.520812 0.108224 -0.190550
个 0.527963 -0.017117 0.547851 -0.581674 0.449821 -0.059181 0.027154 0.012985 0.502850 0.461712
就 0.288968 0.452243 -0.501334 -0.227320 -0.452175 -0.065332 0.200518 -0.100592 -0.544516 0.578064
说 -0.520858 0.720203 -0.612864 0.088741 0.469509 0.313881 -0.264148 0.376297 -0.665075 0.070066
年 -0.095163 0.363892 0.174018 -0.424672 0.313402 0.463903 0.696591 -0.400049 0.714799 0.711275
工作 -0.206126 -0.370090 -0.148642 0.498991 0.339195 0.553864 0.027974 -0.682698 -0.396258 -0.114076
中国 -0.952153 0.138378 0.158600 0.169194 0.231543 -0.349652 0.105546 0.339122 0.394730 0.466419
将 0.382816 0.214951 -0.861850 0.062087 0.069765 -0.227239 0.188240 -0.040792 -0.525261 0.139162
以 0.505193 -0.016114 0.184682 -0.173656 0.182187 0.042254 0.125047 0.718863 -0.209712 -0.187293
企业 -0.032973 -0.163784 0.057820 -0.547592 0.389409 0.012980 -0.331161 -1.115071 0.151471 0.137298
新 0.297407 0.000123 0.478029 0.210540 -0.107064 -0.788289 0.381705 -0.026194 0.265798 0.393089
大 -0.207148 0.254650 0.186115 -0.577409 0.312908 -0.796029 -0.340364 0.331906 0.273688 -0.296481
记者 -1.062627 0.431162 -0.210547 -0.243055 -0.133311 0.336642 -0.489391 0.193992 0.278360 0.293927
从 0.331588 0.388697 -0.069851 0.236312 0.337182 0.137893 0.185416 0.477516 -0.399868 0.647399
我们 -0.646354 0.222947 0.090504 -0.716601 -0.429190 -0.131475 0.611832 -0.019465 -0.084459 0.442642
都 0.040761 0.363924 -0.465368 -0.498819 -0.538297 0.172827 0.332343 -0.294515 -0.723445 0.230711
我 -0.262925 0.156760 -0.035999 -0.845023 -0.490456 -0.112711 0.126638 0.072846 0.092272 0.451644
１月 0.074138 -0.592007 -0.836662 -0.040101 -0.100376 -0.236064 0.472576 0.408351 0.701189 0.981454
建设 0.161594 -0.663091 0.070159 -0.127762 0.555341 -0.262943 0.517378 -0.558571 -0.086811 -0.578073
国家 -0.427261 -0.759251 0.048621 0.075531 0.077611 -0.388173 0.320495 -0.420776 0.136789 0.663340
问题 -0.501276 0.237093 -0.344833 0.160345 -0.566216 -0.126556 0.286179 -0.673976 -0.099038 -0.178917
市场 -0.154565 -0.071565 0.117284 -0.201455 -0.122939 -0.458820 -0.197088 -0.924020 0.399087 -0.171848
已 0.519299 0.280357 -0.851496 -0.305662 0.214673 0.023880 0.405501 -0.351551 -0.399857 0.336689
来 -0.196868 0.529314 -0.259986 -0.278308 0.218969 0.459065 0.804150 0.426477 0.370683 -0.457913
并 0.415524 -0.205983 -0.656260 -0.412532 -0.232396 0.211271 0.606055 -0.248745 -0.369906 0.066922
还 0.283361 0.241700 -0.697852 -0.515180 -0.378674 0.056511 0.375560 -0.122173 -0.459023 0.117294
把 0.122394 0.363490 0.179168 0.080118 0.159729 0.455479 0.196671 0.670802 -0.422935 -0.050740
元 0.119674 0.234197 -0.650124 0.097761 0.614647 0.145195 -0.779306 -0.462909 -0.155056 0.278179
而 0.315543 0.304637 -0.577026 0.169339 -0.557024 0.053464 0.221554 -0.295752 0.079190 0.009426
本报 -0.842297 -0.162111 -0.554856 0.545847 0.422956 0.332360 0.176401 0.501635 0.582555 0.236725
能 -0.124145 0.931091 -0.277196 -0.497208 -0.187972 0.110342 0.433823 -0.091646 -0.507026 -0.524204
后 0.041986 0.080327 -0.639836 0.123865 -0.241471 0.668435 0.419836 -0.087775 0.462128 0.127220
人民 -1.071489 -0.258924 0.459631 0.083109 -0.079540 -0.235394 -0.312741 -0.147044 -0.501146 0.467886
他们 -0.297912 -0.061741 0.042554 -0.708401 -0.455925 -0.131573 0.109085 -0.085373 -0.066538 0.480359
向 0.285155 -0.080187 -0.062477 0.197061 0.546283 0.563555 0.085891 0.657143 0.105859 0.018239
了 -0.434405 0.890863 -0.141797 -0.032954 -0.270626 0.645937 0.012454 -0.245523 0.470008 0.145844
进行 0.424770 -0.271390 -0.373804 -0.085055 0.440854 -0.135508 0.272032 0.548773 -0.231659 -0.395478
使 0.100620 0.506855 0.256524 0.527347 0.279012 0.382756 0.208563 0.487648 -0.051378 -0.025985
又 0.384295 0.100553 -0.593087 -0.661392 -0.348923 -0.103650 0.267845 -0.101200 -0.290705 0.205891
多 -0.046869 0.704393 0.170331 -0.733653 0.605531 -0.401778 -0.205273 0.392302 0.052685 -0.270630
好 -0.181479 0.497637 0.663560 -0.803311 0.316761 -0.210365 0.336776 0.293239 0.182060 -0.351812
下 0.086612 0.210559 0.223897 0.372859 -0.262888 0.637371 0.536918 0.037306 0.110209 0.696454
李 -0.102468 -0.634942 -0.586391 -0.861917 0.245477 -0.383820 -0.285824 0.674473 -0.460394 0.321538
全国 -0.360432 -0.227988 0.206108 0.285178 0.596524 0.174695 -0.033145 0.290773 0.618152 0.877018
改革 -0.164925 -0.168560 0.045343 0.196021 0.727947 -0.287390 0.208140 -0.952538 -0.310433 0.088718
出 0.401912 0.404859 0.289292 -0.334956 0.005820 -0.218640 0.465498 0.337721 0.702800 -0.139442
电 -0.951612 0.154933 -0.636302 0.645299 0.493633 0.664362 -0.478862 -0.078544 0.307243 0.519199
张 0.215123 -0.127058 -0.411137 -0.842156 0.078855 -0.133277 -0.435325 0.573054 0.016628 0.558539
政府 -0.764955 -0.734169 -0.347569 0.043772 0.238249 0.077847 0.022484 -0.327744 -0.571227 0.484668
于 0.136162 0.370965 -0.419935 0.744283 -0.093337 0.165783 -0.198489 0.320748 -0.166152 0.408138
但 -0.305055 0.520960 -0.550105 0.204902 -0.547818 0.236984 0.332016 -0.266678 0.193743 0.260477
社会 -0.750276 -0.004506 0.523275 -0.032348 0.098355 -0.413588 -0.088247 -0.697311 0.328780 -0.018560
我国 -0.482341 0.276253 -0.002885 0.356038 0.556349 -0.564359 0.174073 0.204627 0.253711 0.872612
地区 -0.269136 -0.500477 -0.000726 0.319877 -0.230342 -0.159886 0.021910 -0.618775 0.315733 0.794738
新华社 -0.943988 0.147309 -0.242524 0.571818 0.533819 0.653742 0.362132 0.813567 0.399566 0.165062
时 -0.152104 -0.027797 -0.573342 0.003631 -0.515793 0.504230 0.536211 0.121348 0.384972 -0.039883
由 0.517681 -0.085451 -0.074176 0.246084 0.374464 0.050616 0.012980 0.474449 -0.047041 0.406283
公司 0.020399 -0.532739 -0.351201 -0.346481 -0.116491 -0.018118 -0.317217 -0.572074 0.367750 0.110708
领导 -0.660269 -0.538760 0.525010 -0.393136 0.083748 0.879572 0.214877 -0.008858 -0.382760 -0.066188
管理 0.284656 -0.389632 0.375397 -0.019572 0.443752 0.406260 -0.137474 -0.633968 -0.466981 -0.540126
世界 -0.458301 0.130741 0.241799 0.127270 0.182874 -0.474127 0.036135 -0.006711 0.971632 0.408248
次 0.291520 -0.201864 -0.222284 -0.753980 0.687424 0.568845 0.405667 0.240137 0.260658 0.120377
更 0.202661 0.456076 0.507382 -1.055064 0.381249 -0.110325 0.496426 -0.367427 -0.576147 -0.164041
最 0.131633 0.460565 0.012563 -1.044809 0.761811 -0.229246 0.519327 -0.210899 -0.153433 0.533935
关系 -0.831510 -0.199310 -0.576788 0.600048 0.065483 -0.357021 0.038031 -0.321141 -0.401057 -0.264276
活动 -0.228625 -0.245254 -0.124025 0.343138 -0.193969 0.738914 -0.143608 -0.570293 0.062459 -0.255025
高 0.084445 0.754727 0.538335 -0.157327 0.670564 -0.594842 -0.384590 0.096720 0.413326 -0.341323
美国 -0.571137 -0.102871 -0.158588 0.071622 0.068313 -0.602279 -0.172079 0.357899 0.305433 0.635309
王 -0.239734 -0.104015 -0.519607 -0.498644 -0.060333 -0.493803 -0.209671 0.915070 0.043189 0.251610
北京 -0.232090 -0.031508 -0.094229 -0.021859 -0.131771 0.119692 -0.282016 0.145464 0.367675 0.926804
据 0.597037 -0.593524 -0.220936 0.142140 -0.245061 -0.362232 0.345485 0.217270 -0.318946 0.644848
群众 -0.508125 -0.032034 0.615550 -0.463505 -0.200442 0.038650 -0.269354 -0.440450 -0.772639 0.321021
名 0.095691 -0.056752 0.673042 -0.308384 0.204802 0.170905 0.075184 0.390403 0.263611 0.831980
重要 -0.133335 0.083752 0.476657 -0.470235 0.006835 -0.988493 0.305954 0.121069 -0.440710 -0.094483
被 0.596286 0.093128 -0.235828 -0.356935 0.069151 -0.172083 -0.067566 0.449278 0.031794 0.148959
副 -0.697786 -0.867443 -0.095725 -0.693738 0.534022 0.292470 -0.255819 0.784890 0.537139 -0.205777
[中国 -0.302270 -0.389501 0.175330 0.155785 0.731989 -0.282302 -0.092714 0.888776 -0.041179 0.682447
起 0.516029 0.391551 0.072840 -0.336470 -0.210154 0.123215 0.844153 0.041175 0.660939 0.167694
提高 0.166845 0.476900 0.545317 0.559633 0.565793 0.111785 0.353828 0.077097 0.191253 -0.519232
技术 0.011833 0.027292 0.588801 0.329573 0.219353 0.112375 -0.469100 -0.721596 0.270633 -0.251653
自己 -0.219726 0.235325 0.566108 -0.824173 -0.240474 -0.383296 0.030070 0.008514 0.084781 0.125941
没有 0.426342 0.715053 0.182610 -0.307841 0.115268 0.006548 0.037591 0.047196 -0.688259 0.144080
干部 -0.519187 0.136313 0.371623 0.224238 0.066996 0.691197 -0.384219 -0.447772 -0.684350 0.684631
部门 -0.110948 -0.888484 0.099970 -0.431622 -0.125230 0.557125 0.206640 -0.662150 -0.280313 0.393728
很 -0.003856 1.077973 0.377182 -0.599371 0.561392 -0.174165 0.364350 -0.198216 -0.418035 0.274441
给 0.215633 0.444425 0.324142 0.099013 0.285485 0.571360 0.087212 0.598594 0.034366 -0.037266
职工 -0.179704 0.201845 0.272086 -0.313399 -0.043500 0.432079 -0.290978 -0.972856 -0.276156 0.566996
国际 -0.153943 -0.386921 0.332095 0.219374 0.363092 -0.711484 -0.233232 0.067418 0.652275 0.203347
里 0.101401 0.076989 -0.515271 -0.246286 -0.396568 0.183414 0.413453 0.006738 0.745679 -0.358686
文化 -0.564136 -0.317460 0.811444 0.237054 -0.099219 -0.063713 -0.047408 -0.154158 0.268652 -0.095635
会 -0.112004 0.893148 -0.598186 -0.398320 -0.340857 -0.258443 0.675950 -0.084757 -0.215158 -0.192516
生产 0.239140 0.114246 0.284577 -0.049748 0.406656 0.159388 -0.594908 -0.568693 0.188389 -0.497257
同志 -0.602543 -0.148870 -0.305239 -0.236024 -0.054102 0.883799 -0.350534 -0.229232 -0.660694 0.699810
去年 0.107132 0.021197 -0.673588 0.331166 0.112371 -0.330267 0.168917 -0.038053 0.140078 0.960274
金融 -0.353145 -0.508943 0.369294 -0.183588 0.803976 -0.507906 -0.254134 -0.247790 0.503423 -0.156877
今天 -0.159259 -0.338757 -0.796325 -0.089983 -0.205190 0.387498 0.311879 -0.003168 -0.003504 0.747571
种 0.381322 0.382943 0.638080 -0.234057 -0.219164 -0.352786 0.218312 0.221540 0.025449 0.441560
加强 0.098957 -0.298534 0.491186 0.396008 0.906401 -0.175075 0.221479 0.377874 -0.369104 -0.310853
位 0.039630 -0.053802 0.344712 -0.607491 -0.087408 0.003789 0.105216 0.387189 0.425661 0.699622
家 0.184117 -0.096942 0.303275 -0.713154 0.268249 -0.109281 -0.481024 0.032706 0.127696 0.342708
会议 -0.409139 -0.505065 -0.733812 -0.373324 0.495757 0.820959 0.323637 -0.403862 0.341233 -0.646667
组织 0.437166 -0.674595 -0.057999 0.228743 0.364276 0.510177 0.204049 -0.122068 -0.042511 -0.022199
们 -0.556011 0.214782 -0.516120 -0.675440 -0.276134 1.021664 -0.119156 -0.551525 -0.061011 -0.299307
其 -0.163195 -0.063930 0.260043 -0.504496 -0.165410 -0.609993 -0.312075 -0.274263 0.166794 0.400366
方面 0.116737 -0.511373 -0.063226 -0.059647 -0.355875 -0.343116 0.879261 -0.563569 0.238058 -0.125582
国 -0.908362 -0.640191 -0.403620 0.032769 0.110451 -0.669196 0.362221 0.158823 0.192542 0.095549
党 -0.628400 -0.555924 0.458154 -0.343112 0.576707 -0.096082 0.625308 -0.093691 -0.432386 0.733861
有关 0.033170 -0.857335 0.273217 -0.493514 0.261335 -0.503124 0.012830 0.213937 -0.252515 0.465267
生活 -0.497613 0.352077 0.740684 0.014258 -0.326768 0.073785 -0.231236 -0.590325 -0.181589 -0.286451
产品 0.175533 -0.117396 0.003700 0.288339 0.123366 -0.229142 -0.481286 -0.965678 0.462400 -0.151963
人员 0.383352 -0.073618 -0.252502 -0.152943 -0.276119 0.747248 0.113626 -0.847194 -0.315180 0.435636
用 0.394337 0.335653 0.366091 -0.350828 0.144199 0.270794 0.046894 0.515837 -0.268011 -0.128079
研究 -0.281296 -0.371210 0.251449 0.388397 0.353278 0.700454 0.117496 -0.193087 0.167304 -0.610547
１９９７年 -0.023126 -0.050126 -0.537831 0.509447 0.113713 -0.474722 0.128342 -0.117270 0.082576 0.907171
报道 -0.260148 0.139039 -0.624823 0.565018 0.143743 0.304495 -0.318484 0.119902 -0.170898 0.304156
前 -0.047155 0.249276 -0.801116 -0.515078 0.049262 -0.354884 0.153816 -0.204733 0.761527 -0.212137
刘 0.002203 -0.331140 0.006191 -0.927630 0.257392 -0.059817 -0.418280 0.833676 -0.524050 0.384751
主要 0.250918 -0.218505 0.005211 -0.326653 0.023932 -0.947286 -0.144466 -0.136524 -0.527554 0.418439
增长 0.181246 0.429794 -0.756162 0.117521 0.852539 -0.606988 -0.339587 -0.550377 0.023719 -0.559319
服务 0.014341 -0.335729 0.399012 -0.381091 0.283049 0.286352 -0.234033 -0.346334 0.123589 -0.705515
合作 -0.467665 -0.637861 -0.317136 0.486556 0.013538 -0.298503 0.170529 -0.103466 -0.069750 -0.706376
通过 0.501886 -0.279028 -0.248598 0.038376 0.447152 -0.008837 0.264901 0.559034 -0.444842 -0.055278
科技 0.010057 0.087504 0.847113 0.260760 0.297086 0.183144 -0.435405 -0.313461 0.282459 -0.124226
社会主义 -0.270466 -0.051791 0.717635 -0.042507 0.564329 -0.896550 0.565120 -0.225763 -0.036770 0.502450
解决 -0.257588 0.439161 0.347053 0.605240 0.703296 0.458481 -0.039082 0.128412 -0.438501 -0.302594
工程 0.507174 -0.618951 -0.075291 -0.024123 0.195428 0.275681 0.328484 -0.769114 0.433138 0.122806
农业 0.039702 -0.353332 0.273416 0.686423 0.797450 -0.258624 -0.353339 -0.358864 0.094748 0.292113
要求 -0.167004 0.035424 -0.002562 0.514862 -0.303877 0.428164 0.412290 0.275423 -0.705016 0.001872
表示 -0.294766 -0.054890 -0.777919 0.424773 -0.050839 -0.138007 0.051946 0.520810 -0.655931 0.115330
可以 0.079933 0.556759 -0.242662 -0.459769 -0.408141 0.264877 0.713305 0.079786 -0.517721 -0.234611
讯 -0.780384 0.160557 -0.751850 0.688486 0.439291 0.586438 -0.275599 -0.093676 0.253626 0.570607
目前 -0.043527 0.108480 -0.239419 0.665922 0.090646 -0.272490 0.045876 0.035276 0.058663 0.740031
实现 0.282091 -0.067333 0.043023 0.428500 1.066565 -0.368414 -0.061359 0.286668 -0.065842 -0.203034
各 -0.024007 -0.296770 0.442705 -0.609572 0.822514 -0.020232 -0.118067 0.274303 -0.126180 0.728812
精神 -0.285694 -0.130629 0.202971 0.368049 -0.558571 0.424244 0.660326 0.087005 -0.386565 -0.209521
历史 -0.425776 0.289093 0.447823 -0.058618 -0.319228 -0.565625 -0.089746 -0.250846 0.502048 -0.167477
同时 0.082690 -0.085284 -0.304713 -0.034370 -0.678423 0.187806 0.701657 0.022102 -0.252686 0.232195
及 0.418078 -0.163313 -0.066908 0.432699 -0.200973 0.125295 0.181834 0.358392 0.199330 0.168004
银行 -0.140165 -0.499053 -0.327312 -0.377833 0.058734 -0.267154 -0.524166 -0.520274 -0.061350 -0.301597
教育 -0.334472 -0.274175 0.636274 0.444029 0.136127 0.376805 -0.086700 -0.322391 0.136195 -0.221420
或 0.754120 -0.027217 -0.046055 0.000680 -0.308953 0.158060 0.129545 0.098560 0.094197 0.191004
农村 0.037303 0.020311 0.723196 0.508171 0.645407 0.055996 -0.042284 -0.226831 0.305117 0.785729
成为 0.161101 0.678851 -0.205676 0.567018 0.605483 -0.355029 0.342805 0.522125 0.274102 0.083291
政策 -0.042465 -0.347843 -0.495254 0.525197 0.123677 -0.244792 0.352692 -0.700787 -0.680974 -0.024009
它 -0.278448 0.027505 -0.163252 -0.690156 -0.622115 -0.420707 0.278271 -0.142274 0.144103 0.264246
举行 -0.089370 -0.531569 -0.873891 0.037212 0.573179 0.100176 0.524342 0.622095 0.343841 -0.393701
达 0.927336 0.811964 -0.368566 -0.030429 0.259564 -0.420568 -0.432097 -0.147986 -0.056817 0.047738
认为 -0.218350 0.308675 -0.593538 0.221382 0.098307 0.301605 -0.277367 0.335315 -0.795928 0.150671
这些 0.112494 -0.262550 0.180827 -0.703923 -0.175711 -0.667682 -0.080266 0.005882 0.195597 0.418407
条 0.779040 -0.282292 0.396876 -0.618441 -0.168035 -0.046093 0.327222 0.134363 0.081277 0.330425
美元 -0.251789 0.154863 -0.823291 0.077197 0.373547 -0.399225 -0.791543 -0.351780 0.020064 0.223528
她 -0.383868 0.063901 -0.135247 -0.716751 -0.544280 -0.146747 0.056929 0.114811 0.213668 0.381527
主席 -0.611222 -0.297556 -0.823319 -0.648033 0.556775 0.298551 -0.184632 0.150532 0.537634 -0.708771
可 0.413418 0.933320 -0.408181 -0.364027 0.114943 0.140064 0.063168 -0.446485 -0.130155 0.024109
这个 -0.043162 -0.204391 0.295401 -0.606739 -0.042564 -0.647820 0.168780 0.336475 0.237823 0.205800
水平 0.102772 0.273865 0.368870 0.197686 0.074527 -0.106565 0.406052 -1.336618 -0.247100 -0.095661
农民 -0.339202 -0.122070 0.369047 -0.307948 -0.178299 -0.106946 -0.542522 -0.205048 -0.275210 0.613760
图片 0.259804 -0.531090 0.260182 -0.487041 -0.394212 -0.192896 0.173043 0.368072 0.300293 -0.447794
单位 0.238450 -0.582300 0.045449 -0.489515 0.005531 0.468824 -0.001833 -0.801970 0.011742 0.565949
同 -0.140592 0.012908 -0.180950 0.441493 -0.023929 -0.031367 0.090890 0.673815 -0.234549 0.164071
情况 -0.842098 0.220991 -0.357831 0.431723 -0.187948 0.120836 0.440683 -0.946425 0.169448 -0.313172
陈 -0.235292 -0.026302 -0.438152 -0.730915 0.542538 -0.401990 -0.274915 0.985543 -0.107603 -0.084876
建立 0.263820 -0.110596 -0.088612 0.527074 0.820024 -0.418981 0.138710 0.129558 -0.601015 -0.142136
再 0.788799 0.141369 -0.069458 -0.857386 0.026459 0.523277 0.395146 -0.306749 -0.268136 -0.124617
只 0.418291 0.367992 -0.548214 -0.720735 0.020978 -0.010495 0.037244 -0.258506 -0.426885 0.639832
看 -0.215367 0.760910 -0.133333 -0.051664 0.054569 0.692487 -0.109293 0.145256 0.048611 -0.393862
江 -0.633842 -0.280339 -0.563601 -1.010094 0.763909 -0.211771 0.120058 0.369506 -0.514636 0.439377
积极 -0.293934 -0.161915 0.119476 -0.136517 0.132809 -0.690412 0.255244 0.443923 -0.944679 -0.127499
应 -0.138266 0.372722 -0.360764 0.091060 -0.250584 0.050561 0.767423 0.020486 -0.950888 0.042944
提出 -0.015658 0.147864 -0.558946 0.556078 0.200356 0.188372 0.203881 0.361385 -0.582540 -0.066460
天 -0.184991 0.324751 0.065771 -0.630458 -0.050224 0.547909 0.279323 -0.074469 0.629303 0.562684
去 -0.033283 0.554760 -0.072186 -0.556965 0.054671 0.470524 0.358378 0.397868 0.313594 -0.295420
人们 -0.668215 -0.021413 0.135020 -0.528746 -0.557107 -0.342198 0.191503 -0.135669 -0.048358 0.234289
钱 -0.061711 0.216206 0.155522 -1.184152 0.149379 0.232507 -0.093645 -0.145739 0.320995 0.204457
取得 0.541160 0.255449 -0.032888 -0.285913 0.520325 -0.617486 0.639520 0.338197 -0.035484 -0.253279
小 0.091670 0.396808 0.392726 -0.619170 0.154642 -0.340988 -0.394491 0.247281 0.570206 -0.196842
投资 -0.032648 -0.120157 0.014387 0.054417 0.637096 -0.067546 -0.673718 -0.294102 -0.039231 -0.736946
项 0.567987 -0.342532 0.387362 -0.326147 0.203833 -0.063894 0.661344 0.145603 0.316999 0.271904
进一步 -0.011079 -0.162245 0.134627 -0.315305 0.146195 -0.440512 0.964652 0.235365 -0.835639 -0.354301
民族 -0.491891 -0.748304 0.510996 -0.088724 -0.449245 -0.496682 0.147461 -0.243422 0.185630 0.372643
你 -0.331917 0.461171 -0.202673 -0.748470 -0.515353 -0.213061 0.116641 0.096378 0.067064 0.391663
继续 0.066844 0.032850 -0.195367 -0.056448 0.141748 -0.448585 0.651106 0.386536 -0.882180 0.151311
近 0.535505 0.383598 -0.365546 -0.319303 0.233736 -0.562599 0.194418 0.033531 0.281872 0.681706
走 -0.029073 0.555514 0.308578 -0.368436 0.279188 0.660693 -0.228546 -0.022563 0.482535 -0.396166
今年 0.019263 -0.297985 -0.662376 0.343297 0.104776 -0.328994 0.195418 -0.045680 -0.131887 0.995704
至 0.459543 0.449091 -0.439068 0.307542 0.129367 -0.072947 0.088498 0.201629 0.602080 0.479908
周 -0.563350 -0.019467 -0.117852 -0.930427 0.666782 -0.003458 -0.196753 0.603866 0.197922 0.498250
必须 0.131580 0.222291 -0.055991 -0.138268 -0.321581 0.213775 0.893914 0.006164 -0.684269 0.134563
产业 -0.290969 -0.353939 0.181866 0.530849 0.354744 -0.110448 -0.302843 -1.035267 0.327008 -0.235558
基础 -0.059144 0.099519 0.750601 -0.110482 0.532070 0.617205 0.101066 -0.579618 0.604483 -0.732490
作为 0.284060 0.110377 -0.003974 0.174764 0.052454 -0.388550 0.383298 0.649771 0.157998 0.081087
参加 0.306795 -0.142241 -0.534163 -0.135927 0.678985 0.405741 0.214970 0.588571 0.017263 -0.094649
开始 0.243667 0.573479 -0.959655 -0.036303 0.419586 0.264188 0.321520 0.054898 0.215800 -0.268318
稳定 -0.760410 0.038291 -0.034927 0.287785 0.557277 -0.773639 -0.111578 0.072087 -0.205861 -0.719780
做 0.354847 0.337497 0.425661 -0.589980 0.028512 0.347013 0.382366 0.280931 -0.060296 -0.605320
影响 -0.365084 0.296589 -0.239041 0.710246 -0.011280 -0.248704 -0.250794 0.088118 -0.121416 -0.507193
此 -0.959018 0.364841 -0.702211 0.022140 -0.075618 -0.331485 -0.251579 -0.512489 0.070343 0.620095
制度 -0.071378 -0.181999 0.071072 0.062488 0.013382 0.336168 0.311659 -1.124746 -0.749549 -0.298506
经营 0.287252 -0.217072 0.161285 -0.244545 0.368976 -0.373345 -0.524912 -0.486947 -0.271752 -0.446186
困难 -0.447065 0.640841 0.244123 0.174912 0.499820 0.096559 -0.639440 -0.426011 -0.466354 0.239623
需要 -0.190344 0.451200 0.020058 0.168366 -0.402002 0.139828 0.891770 0.013343 -0.371760 -0.085648
政治 -0.541927 -0.482400 0.596594 0.093017 0.184181 -0.646395 0.578112 -0.361323 0.290654 -0.443470
开展 0.407551 -0.218864 0.143035 -0.174751 0.737207 0.228687 0.339366 0.408401 0.233294 -0.680378
特别 -0.077213 -0.087717 -0.027270 -0.435983 -0.437478 -0.692051 0.389712 0.058185 -0.925791 0.255798
内 0.330471 0.222835 -0.790015 -0.088112 -0.055974 0.038720 0.275570 -0.172321 0.556893 -0.741136
女 -0.538868 0.079650 -0.218238 0.130686 0.113851 0.662218 -0.853162 0.258416 0.173827 0.331578
让 0.072115 0.693310 0.350625 0.161408 0.353956 0.571079 0.074649 0.665202 -0.045733 0.109219
才 0.330906 0.359865 -0.183249 -0.647093 -0.433489 -0.330902 0.625098 -0.180037 -0.146384 0.515863
集团 -0.026273 -0.384548 -0.417814 -0.157989 0.298757 0.326156 -0.704247 -0.833429 0.152096 -0.176064
努力 -0.404598 0.080236 -0.046921 -0.028287 0.204776 0.276154 0.950244 0.084403 -0.574530 -0.708901
提供 0.661243 -0.294718 -0.074510 -0.583839 0.495949 -0.281691 0.172898 0.474032 -0.326464 -0.703162
坚持 -0.144545 0.268836 0.233555 0.040439 0.692778 0.018260 0.386623 0.476655 -0.949706 -0.144081
作用 -0.482243 -0.071287 -0.128789 0.407412 -0.578281 -0.138743 0.253091 -0.245082 -0.686548 -0.483950
资金 0.617376 -0.119321 -0.329394 -0.254778 0.264039 -0.131868 -0.209457 -0.671246 -0.118483 -0.444884
价格 0.355478 -0.424644 0.132866 0.135771 0.051797 -0.641989 -0.264959 -0.589086 -0.315229 -0.016859
希望 -0.461835 0.178360 -0.485122 0.292122 -0.012417 -0.014339 0.126751 0.633455 -0.357080 0.014575
项目 0.263840 -0.287023 -0.560759 -0.016767 0.085057 0.288908 -0.174753 -1.031415 0.239105 -0.084996
指出 -0.748126 0.328403 -0.673046 0.498186 0.360723 0.270402 0.004267 0.372695 -0.772515 0.042698
比 0.033467 0.779685 -0.529983 -0.152023 1.156625 -0.064202 -0.006147 0.189074 -0.084830 0.278835
却 0.334972 0.559629 -0.626640 -0.497256 -0.540393 0.007586 0.179978 -0.340207 -0.156740 0.050077
较 0.077986 0.966043 0.349635 -0.623824 0.910912 -0.251795 0.000498 -0.588390 -0.460459 0.091680
结构 0.172716 -0.063817 -0.054348 -0.216780 0.458576 -0.485006 -0.015210 -1.167925 -0.227462 -0.714458
这种 0.124091 0.128156 0.487120 0.081600 -0.125308 -0.782608 0.000348 0.257371 -0.044742 0.246225
送 0.254861 0.179008 0.660277 -0.641072 0.656471 0.981982 -0.215082 0.193072 0.104024 -0.088776
开发 0.363320 0.008451 0.041462 0.397375 0.371866 0.266803 -0.315317 -0.431592 0.196543 -0.630684
由于 0.077834 -0.011240 -0.190732 0.401103 -0.171696 -0.355894 0.441180 0.416616 -0.064540 0.620329
艺术 -0.263672 -0.086666 0.760646 0.202104 -0.409432 -0.072820 0.136544 -0.001870 0.289202 -0.098054
总理 -0.794186 -0.308424 -1.007890 -0.607057 0.292695 -0.537914 -0.183330 0.165415 0.264564 -0.286267
体育 0.113890 -0.377575 0.577469 -0.157735 0.138554 0.038489 -0.153987 -0.100711 0.530985 -0.034115
基本 0.085945 -0.087725 0.370437 0.283980 -0.213414 -0.784068 0.554739 0.131888 -0.470573 0.187442
这样 0.111783 0.332687 0.259159 -0.299356 -0.358487 -0.447920 0.329272 0.383591 0.087403 0.291633
成 0.558496 0.481128 0.218559 -0.037071 -0.174428 0.035431 0.140948 0.221795 0.233817 0.140638
届 -0.294296 -0.395663 -0.225247 -0.330986 0.966192 0.176446 0.651462 0.698882 0.707611 0.495701
事业 -0.468373 -0.438330 0.340204 0.496747 0.040744 0.144030 0.369850 -0.967122 0.093100 -0.249414
已经 0.193794 0.382829 -0.680360 -0.418147 0.195045 -0.081016 0.613362 -0.161259 -0.248036 0.260729
思想 -0.284045 -0.237720 0.936067 -0.104406 -0.421503 0.347508 0.604326 -0.369055 -0.477770 -0.191074
和平 -0.917534 -0.032682 -0.119146 0.345457 0.192798 -0.999433 0.425586 -0.512970 -0.458880 0.185980
支持 -0.369014 -0.257822 0.075608 0.276380 0.149348 0.296042 -0.048152 0.545763 -0.211848 -0.533750
共同 -0.270573 -0.436538 -0.113731 -0.323520 0.079056 -0.699599 0.500638 0.573358 -0.594631 -0.210317
全面 0.108176 -0.309886 0.518633 -0.310076 0.257511 -0.596754 0.758584 0.535767 -0.446513 -0.197394
总统 -0.509001 -0.689015 -0.865266 -0.568115 0.110026 -0.266716 -0.012001 0.059061 0.539953 0.078091
那 0.175147 0.119648 -0.007605 -0.561599 -0.551080 -0.534465 0.151190 0.171660 0.246042 0.294409
当 0.038436 0.488687 0.063785 -0.039820 0.165219 0.641034 0.003576 0.456755 -0.053630 -0.014731
地方 -0.042017 -0.718560 0.181230 -0.355345 -0.000584 0.024753 0.296277 -0.344206 -0.074942 0.959740
以及 0.244282 -0.084504 -0.218916 0.543603 -0.305030 0.340057 0.239942 0.414210 0.011280 0.146034
决定 0.176607 -0.142987 -0.782376 0.371442 0.015032 0.149077 0.038415 0.015131 -0.649753 -0.125848
泽民 -1.066898 -0.032039 -0.483476 -0.829547 0.644271 -0.087543 -0.307023 0.553861 -0.339791 -1.078215
时间 -0.351406 0.417969 -0.357971 -0.436840 0.106221 0.559759 0.397045 -0.774472 0.759492 -0.438286
春节 -0.063683 -0.508959 0.132733 0.078840 -0.103421 0.080771 0.236698 0.114170 1.008393 0.554226
以来 -0.004685 0.005361 -0.583722 0.456198 0.122237 0.104041 0.892824 0.123842 0.796081 0.384565
形成 0.431138 0.353974 -0.120204 0.281704 0.455208 -0.640849 0.158838 0.155390 -0.114800 -0.304589
促进 -0.303069 0.109589 0.108214 0.697605 0.736197 -0.008182 0.366316 0.534539 0.216333 -0.318303
其中 0.642710 -0.260092 -0.548114 -0.274302 0.031417 -0.624229 0.109648 -0.241286 -0.202588 0.486324
国有 0.205661 -0.276703 0.589019 -0.255640 1.217415 -0.792478 -0.323019 -0.177639 -0.265208 0.491100
增加 0.360721 0.324439 -0.365640 0.310070 0.577471 -0.205085 -0.074743 0.173970 0.139601 -0.554698
世纪 -0.599422 0.142906 0.116569 0.776004 0.115602 0.033451 0.268902 -0.550293 0.658002 0.693265
实施 0.452617 -0.390585 -0.054891 0.123432 0.864549 -0.010198 0.342072 0.174722 -0.132156 -0.335408
规定 0.130110 -0.212239 -0.377751 0.280270 -0.090361 0.478171 -0.009201 -0.391569 -0.826142 0.020021
学习 0.118587 -0.244555 0.674324 -0.022446 -0.009692 0.445998 0.259767 0.256567 0.173479 -0.587064
调整 0.245059 -0.200037 -0.203062 0.493249 0.563000 0.152931 0.304424 -0.261201 -0.201048 -0.876434
出现 0.454900 0.461448 -0.216964 0.183817 0.154140 -0.657704 0.056223 0.203925 -0.083300 -0.308494
代表 -0.359360 -0.518569 -0.136368 0.225453 -0.249292 0.541086 0.088962 0.367071 -0.158960 0.230330
香港 -0.574255 -0.049200 -0.220710 0.192079 0.095879 -0.496324 -0.126593 0.195961 0.441459 0.578844
采取 0.850631 -0.340234 0.012059 -0.121990 0.291326 -0.245685 0.351792 0.309027 -0.647861 -0.108936
实行 0.757484 -0.079251 -0.025041 0.195979 0.464322 -0.082982 0.139608 0.405161 -0.275354 0.047483
统一 -0.573416 0.069782 0.620132 0.298046 0.634692 -0.285568 -0.063235 0.098627 -1.063941 -0.230860
措施 0.016791 -0.161661 -0.167234 0.655592 -0.266157 0.402456 0.284982 -0.501785 -0.813441 -0.244836
环境 -0.100092 -0.309855 0.297006 -0.124230 -0.167269 -0.201432 -0.024428 -0.383178 -0.014852 -0.744852
质量 0.511454 0.017844 0.448559 -0.105148 -0.317125 -0.285830 0.019807 -0.883843 -0.299684 -0.274231
发生 0.100478 0.520697 -0.476797 0.268597 0.214589 -0.322351 -0.040233 0.089200 0.029383 -0.663589
传统 -0.243912 -0.179065 0.786688 0.074360 -0.548887 -0.137282 0.362472 0.084732 0.262940 0.214811
曾 0.018313 0.183310 -1.014161 -0.596851 0.096284 -0.041241 0.120126 0.261803 -0.552366 0.236332
美 -0.659022 0.106932 -0.243847 0.001801 -0.080690 -0.312689 0.086706 0.070431 0.621093 -0.216629
条件 -0.766714 0.183736 -0.084757 -0.036526 -0.244061 0.395647 0.458219 -0.964199 -0.099911 -0.773460
起来 0.252329 0.568290 0.002272 0.203829 -0.299951 0.795578 0.434309 -0.248568 0.519508 -0.140221
不断 0.208760 0.043716 0.168016 -0.242384 0.143527 -0.503451 1.052450 0.222119 -0.542076 -0.217475
中心 0.212007 -0.857805 0.005866 0.344542 -0.303694 0.135794 0.445623 -0.519567 0.038743 0.487468
如 0.484430 0.440196 -0.097994 0.136008 -0.228051 0.069052 0.097016 0.162611 0.034949 0.233262
日本 -0.394602 -0.089491 -0.205047 0.009955 0.131901 -0.448744 -0.200327 0.341839 0.260603 0.643500
批 0.435757 0.300303 0.784888 0.065651 0.034898 0.197561 0.200171 0.169216 0.506727 0.625565
国务院 -0.778284 -0.628685 -0.436085 -0.294214 0.405487 0.275276 0.155375 0.232647 -0.633390 0.750850
为了 0.148559 -0.120463 -0.008139 -0.321077 -0.277264 -0.128761 0.837664 0.417614 -0.305805 0.526924
任务 -0.279253 -0.236962 -0.169336 0.776501 -0.319820 0.034377 0.475637 -0.500238 -0.255017 0.297539
委员会 -0.605223 -1.058432 -0.256048 -0.141886 0.302072 0.731195 0.125371 -0.353357 -0.105855 -0.154664
具有 0.368895 0.534803 0.511484 0.105384 0.267021 -0.736945 0.321253 0.295137 -0.031341 0.222817
实际 0.189647 0.058721 0.928664 -0.205679 -0.347553 -0.240553 0.194453 -0.453789 -0.578850 0.245543
共 0.804305 -0.124967 -0.636685 -0.479910 0.227591 0.023464 0.201494 0.044623 -0.014331 0.448493
重点 0.572098 -0.741388 0.368703 0.111592 0.061760 -0.042525 0.683393 -0.195167 -0.135622 0.588969
结合 0.008678 0.245624 0.010878 1.006030 0.370277 0.171496 0.025038 -0.264559 -0.815744 0.190835
岁 -0.287892 0.657273 -0.104672 -0.403885 -0.074024 0.482366 -0.282640 0.155794 0.441223 0.778281
正 -0.039325 0.319527 -0.890764 -0.572273 -0.288571 0.408895 0.326693 -0.234613 -0.226025 0.165432
强调 -0.677198 0.296814 -0.635661 0.437546 0.218419 0.189549 0.331373 0.355909 -0.893721 -0.077340
进 0.422925 0.166994 0.063702 -0.626265 0.184251 -0.077503 0.171630 0.548672 0.585342 -0.088844
广大 -0.570969 0.104983 0.943384 -0.192869 0.458697 0.191623 0.275094 0.389637 -0.071577 0.836306
机构 0.000174 -0.679564 -0.462923 0.005130 -0.089588 0.355134 -0.054187 -1.000777 -0.190959 0.216556
十五大 -0.833572 -0.268538 -0.399175 -0.437272 0.878432 0.272114 0.824088 -0.027570 0.053156 0.050380
以上 0.481712 -0.186109 -0.360392 -0.569709 0.515429 -0.199596 -0.508887 -0.454955 0.182244 0.480862
占 0.428504 0.496928 -0.672352 0.253268 0.502697 -0.599389 -0.152731 0.090014 -0.037823 0.217325
城市 0.172591 -0.241074 0.382017 0.009913 0.135146 0.169559 -0.264976 -0.318252 0.423226 0.545890
中央 -0.525474 -0.649814 -0.046728 -0.474791 0.819357 -0.172763 0.134939 0.202112 -0.082468 0.776733
计划 0.245827 0.079184 -0.526447 0.527621 -0.010845 0.188963 -0.121279 -0.495364 -0.268400 -0.085101
进入 0.323443 0.356945 -0.185169 0.252981 0.764446 -0.329871 0.219161 0.420429 0.489342 0.039150
过 0.042167 0.881067 0.255257 -0.716908 0.304903 0.251405 -0.371402 -0.217230 0.084746 -0.146797
米 -0.019456 0.617104 0.026594 -0.306340 0.249113 -0.226096 -0.690456 -0.116442 0.823618 0.171417
其他 0.193883 -0.549737 0.184941 -0.441837 0.169923 -0.564907 -0.257793 -0.087403 0.129302 0.822911
信息 0.330143 -0.194329 0.266661 0.400131 0.051203 -0.419277 -0.013900 -0.264807 0.566660 -0.430612
现在 -0.211572 0.336402 -0.398295 0.259462 -0.382017 -0.124414 0.143885 -0.078681 0.096337 0.739180
市 -0.453979 -0.277930 -0.213260 -0.125494 0.972210 0.438543 -0.588574 -0.162628 0.068667 0.562233
住房 0.692507 -0.035387 0.427921 -0.378100 0.041677 0.001180 -0.147878 -0.814747 -0.166361 0.144053
安全 -0.101504 -0.408782 0.030256 0.238199 0.110616 -0.622906 -0.357874 -0.170677 -0.645277 -0.261475
得到 0.200385 0.171594 0.020902 0.180770 0.147864 -0.169018 0.533429 0.565978 -0.437670 -0.368171
根据 0.217259 0.045198 -0.120537 0.449266 0.398748 0.293892 0.034368 0.514109 -0.569139 0.082682
文明 -0.884257 0.064292 0.875298 0.074145 0.287489 0.241175 0.133758 -0.055106 0.377710 -0.190739
贫困 -0.098427 0.235962 1.005493 -0.005525 0.347178 -0.237795 -0.257772 -0.125333 -0.152798 0.858474
想 -0.336443 0.777527 -0.021973 -0.477607 -0.029229 0.458168 0.289938 0.326748 -0.499041 -0.002896
作出 0.402556 -0.181313 -0.015926 -0.568272 0.431892 -0.198037 0.765569 0.641107 -0.198877 -0.296784
一定 -0.612803 0.524127 0.400605 -0.005590 -0.484147 -0.628623 0.176611 -0.177340 -0.803603 0.577557
[北京 0.283352 -0.280975 0.378727 -0.052400 0.552930 -0.169212 -0.185300 0.638796 0.754665 0.650690
摄 -0.116544 0.307452 -0.460604 -0.487877 0.217122 0.184586 -0.701293 0.678846 -0.068173 0.363797
扶贫 0.479062 -0.458306 0.687151 0.181473 0.417178 0.028379 -0.336535 -0.318002 0.121089 0.314171
体制 -0.399944 0.066513 -0.003794 -0.359993 0.356040 0.233435 -0.013733 -1.442613 -0.318155 -0.534679
保持 0.135927 0.114050 0.038289 0.325308 0.650022 -0.641290 -0.012452 0.505898 -0.432048 -0.395554
无 0.615247 0.443966 0.360376 -0.450155 0.137910 -0.329172 -0.306996 0.177357 -0.382120 0.186676
该 -0.054647 -0.395298 0.020098 -0.742643 -0.034922 -0.751541 -0.153192 0.407630 0.189935 0.100883
先进 -0.334987 0.171690 1.040060 -0.491275 0.651797 -0.258970 -0.278457 -0.050823 0.366104 -0.107933
开放 0.209537 0.023657 -0.061845 0.411717 0.674701 -0.515193 0.672750 -0.331340 0.896244 -0.466826
而且 0.113645 0.336655 -0.092840 0.162871 -0.725729 0.153439 0.369142 -0.131869 -0.154851 0.148802
新闻 -0.540201 -0.260700 0.478349 -0.001576 0.448909 0.042707 -0.340519 0.142573 0.419781 -0.042787
过去 -0.079803 0.406749 -0.051234 -0.132677 -0.191113 -0.626262 0.432012 -0.137370 0.328195 0.763271
这里 -0.540534 0.186489 -0.549010 -0.291772 -0.265971 0.171373 0.201528 -0.189432 0.021039 0.943813
因 0.381491 0.374361 -0.189567 -0.037309 -0.025560 -0.125721 -0.197136 0.532558 -0.284307 0.147856
机关 -0.083336 -0.596593 0.194978 -0.327935 -0.003010 0.725803 -0.006254 -0.351951 -0.715735 0.643891
两岸 -0.533519 -0.650456 0.053553 0.324550 0.118426 -0.610659 0.383008 0.157354 0.715603 0.099069
伊拉克 -0.787178 -0.305682 -0.359633 -0.148643 -0.218338 -0.606405 -0.049855 0.065791 0.016809 0.530293
达到 0.770110 0.576898 -0.216783 0.147975 0.641361 -0.551930 -0.101413 0.143886 -0.156065 -0.043729
分 -0.259147 0.410950 -0.053144 -0.191494 0.452156 -0.184190 -0.716383 0.431156 -0.252051 -0.014920
完成 0.472825 -0.242095 -0.410384 0.152908 1.089026 -0.026434 -0.089612 0.255125 0.136485 -0.359937
利用 0.569665 0.210874 0.218899 0.197993 0.240338 -0.158919 -0.305184 0.339128 -0.321695 -0.234580
不仅 0.240930 0.246333 -0.365697 -0.090947 -0.587664 -0.235313 0.505458 -0.132682 -0.566297 0.134310
目标 -0.322890 -0.143508 -0.344770 0.605427 -0.304084 -0.184817 0.477823 -0.688734 -0.524854 0.293459
形式 0.326576 0.083593 0.124302 0.251627 -0.558805 0.498179 0.163446 -0.690717 -0.195436 -0.280531
发现 0.147129 0.477148 -0.379117 0.233705 -0.111160 0.119748 -0.270054 0.142589 -0.563434 -0.218305
办 0.447282 0.417066 0.497579 -0.641416 0.456927 0.384059 -0.246458 -0.110127 -0.132986 -0.558698
工业 -0.082547 -0.558101 0.187723 0.335954 0.234681 -0.403599 -0.214640 -0.616789 0.394765 0.218106
则 0.179257 0.394451 -0.625111 -0.233663 -0.530286 0.069814 0.066386 -0.369700 -0.447702 0.327390
可能 -0.428540 0.818781 -0.402513 -0.177151 -0.429488 -0.606141 0.075306 -0.499622 -0.573886 -0.027651
专家 -0.785339 -0.435708 -0.296661 -0.331225 -0.285462 0.436103 -0.115245 -0.285153 -0.025518 0.345210
书记 -0.489379 -0.134176 -0.406120 -0.430374 0.296061 1.012023 -0.484519 0.052929 0.564431 -0.365882
战略 -0.155496 -0.669184 -0.007330 0.116789 -0.352641 -0.694950 0.559996 -0.299320 -0.091833 -0.095893
应当 -0.016890 0.141052 -0.293129 -0.297150 -0.284036 0.491705 0.817175 -0.146626 -0.782574 -0.018489
严重 -0.118310 0.440450 0.350812 0.175747 0.327320 -0.530033 -0.563569 0.347687 -0.604786 0.230328
国内 -0.244493 -0.139268 -0.039708 0.018360 0.295956 -0.629768 -0.361081 -0.152826 0.625332 0.388139
各级 0.050747 -0.609490 0.548263 -0.300590 0.581455 0.083126 0.422798 0.498845 -0.303324 0.732282
经过 0.423511 -0.022264 -0.271852 -0.444409 0.339015 -0.379474 0.763451 0.302144 0.202527 0.564232
理论 0.047343 -0.186648 0.623183 0.051103 -0.531631 -0.007901 0.553376 -0.217291 -0.219319 -0.203708
发挥 0.743846 0.448292 0.595319 0.365679 0.192573 0.034055 0.461506 0.112655 -0.441186 -0.581850
不同 0.090689 0.109119 0.537613 -0.055030 -0.389949 -0.684122 -0.103193 -0.035775 -0.137549 0.262870
作 0.209109 -0.082830 -0.326858 -0.507048 0.493726 -0.196102 0.380813 0.572503 -0.322308 -0.365874
祖国 -1.346572 0.107338 0.007908 0.173939 0.517611 -0.062401 0.105137 0.328667 0.624107 0.324298
成功 -0.109102 0.392979 -0.597721 0.082279 -0.245520 -0.467860 0.006957 0.038696 0.159717 -0.324297
吴 -0.179895 -0.590967 -0.396769 -0.642343 0.251703 -0.077680 -0.343047 1.002205 -0.134272 0.031665
重视 -0.608139 0.276212 0.105421 0.270705 0.015690 -0.179031 0.286449 0.647974 -0.640649 -0.301532
省 0.132943 -0.285857 0.263005 -0.204804 0.836902 0.617610 -0.275912 0.085611 0.538782 0.618079
能力 0.286587 0.333539 -0.044485 0.589952 -0.406305 0.071374 -0.058342 -0.612203 -0.429713 0.136471
重大 -0.149692 0.092109 0.581702 -0.230707 -0.101952 -0.938827 0.106614 0.259562 -0.396733 0.048068
孩子 -0.527946 0.588099 0.417912 -0.369880 -0.232749 0.224294 -0.196259 -0.413825 0.403149 0.592297
１９９６年 0.056308 0.101143 -0.770699 0.498897 0.183263 -0.231610 0.130520 -0.230449 0.217827 0.973595
帮助 -0.056718 0.092379 0.366688 0.178014 0.234171 0.538635 -0.028881 0.578459 -0.071511 -0.268042
[国家 0.152597 -1.047450 0.053653 -0.035064 0.418124 -0.281331 -0.210644 0.769056 -0.079805 0.285706
讲 -0.125426 0.501911 0.469844 -0.391702 0.190220 0.251777 -0.006016 0.364436 -0.727395 0.251036
地震 -0.211702 -0.100805 0.306828 0.657233 0.418810 0.339594 -0.761541 0.083296 0.273430 -0.053958
长 -0.145933 0.919815 0.089165 -0.389353 0.522915 -0.124363 -0.506921 -0.055761 0.543739 -0.243112
主任 -0.690321 -0.443542 -0.620232 -0.759747 0.241007 0.386381 -0.229588 0.109700 0.576860 -0.510271
系统 0.115746 -0.511146 0.080011 -0.227350 -0.272525 0.250725 -0.224291 -0.519138 -0.062821 -0.046441
俄 -0.816518 -0.111090 -0.328351 0.101179 -0.089501 -0.666376 -0.030716 0.356607 0.048867 0.270901
本 0.218746 -0.333817 0.384858 -0.742346 -0.056461 -0.351566 -0.057564 0.231532 -0.348191 0.532773
因为 -0.157613 0.435927 0.186800 0.176485 -0.334212 0.177429 0.227734 0.527400 -0.108875 0.354008
落实 0.107107 -0.097880 -0.278320 0.134521 1.048560 0.063226 -0.056894 0.225899 -0.764508 -0.475118
收入 0.050210 0.473172 -0.576225 -0.159494 0.346518 0.092130 -0.570030 -0.582101 -0.519100 -0.642001
年代 -0.380872 0.344545 -0.452688 0.631842 0.126071 -0.399933 0.286543 -0.409588 0.790467 0.604686
如果 -0.002394 0.114748 -0.376071 -0.027506 -0.433087 -0.095587 0.828643 0.209141 0.032071 0.455975
出口 0.102363 -0.224648 -0.387209 0.317408 0.424145 -0.584251 -0.328986 -0.383492 0.239946 -0.160152
各种 0.438939 0.028877 0.564677 -0.232304 0.009554 -0.426480 -0.122702 0.246469 -0.186127 0.274481
危机 -0.580998 0.078368 -0.729146 0.234165 -0.202275 -0.533823 -0.002509 -0.875370 0.237112 -0.005801
总 0.306010 -0.252921 -0.598364 -0.709639 0.055846 -0.724019 -0.122670 0.039288 -0.493498 -0.299785
１９９８年 0.069049 -0.338273 -0.510263 0.242866 0.137869 -0.407036 0.280993 -0.157019 -0.061894 0.943205
方式 0.270125 0.253824 0.013449 0.353568 -0.414817 0.402906 0.558337 -1.032212 -0.130530 -0.302842
推动 -0.406885 0.113398 0.218599 0.563115 0.589403 -0.011277 0.152902 0.417645 0.022780 -0.462140
[全国 -0.418103 -0.332597 0.123809 0.163046 1.115254 0.548337 -0.234328 0.475079 0.433561 0.470192
吃 0.089225 0.795573 0.140153 -0.505312 -0.189293 0.484296 -0.195180 0.104460 0.013069 -0.160383
推进 0.049360 -0.000622 -0.086669 0.389871 1.007564 0.036998 0.396343 0.570278 -0.011875 -0.635570
上海 -0.212054 -0.209431 -0.251196 -0.051525 0.143241 -0.368613 -0.190826 0.284678 0.660455 0.712377
老 -0.747184 0.064891 0.679422 -0.486403 0.474073 0.709732 -0.004566 0.342087 0.239881 0.106757
开 0.476032 0.385536 -0.071044 -0.463144 0.236188 0.259082 -0.121567 0.280836 0.573050 -0.469446
什么 -0.137198 0.675065 0.735341 -0.460886 -0.343887 -0.430861 0.117030 -0.030729 -0.118427 0.338102
科学 0.221691 -0.120276 0.959698 0.039461 -0.076895 -0.213635 0.442446 0.124832 -0.121421 -0.109883
介绍 -0.257437 0.237988 -0.388875 0.432180 0.326736 0.785276 -0.341444 0.221254 -0.360076 -0.042854
包括 -0.108947 0.354158 -0.075734 0.378492 0.069929 -0.392829 0.200276 0.367813 -0.132008 0.209087
部队 -0.144127 -0.405017 0.718889 -0.153269 -0.219301 0.659851 0.160784 -0.248391 -0.152527 0.704102
便 0.487427 0.478627 -0.639739 -0.279817 -0.293384 0.177788 0.095729 -0.373131 -0.506942 0.433262
看到 -0.204809 0.564576 0.022462 0.011365 0.197550 0.347207 -0.068820 0.566319 -0.627352 -0.005061
[中央 -0.086707 -0.924005 0.251055 -0.322538 0.823710 0.041852 -0.051552 0.854144 0.415346 0.410744
认识 -0.222767 0.418884 0.393585 0.067711 -0.149464 0.513960 0.063596 0.001204 -0.506049 -0.614704
素质 0.019304 0.272910 1.027228 0.118142 -0.193839 0.033689 0.324098 -0.988745 -0.440676 -0.511513
既 0.647085 0.099863 -0.270967 -0.443038 -0.503771 -0.185478 0.502037 -0.060464 -0.659479 0.489912
仍 0.543516 0.260601 -0.659027 -0.503422 -0.378697 -0.148066 0.438617 -0.251141 -0.420875 0.156359
全 0.067061 0.009953 0.201855 -0.421393 0.514910 -0.890166 0.066210 0.241757 0.485413 0.166940
深入 -0.168709 0.173192 0.580542 0.283982 0.623193 0.460526 0.722486 0.453173 -0.306187 -0.272317
发表 -0.064104 -0.315061 -0.926735 -0.428125 0.646847 -0.226558 0.158576 0.506379 -0.102143 -0.506915
月 -0.202367 0.128963 -0.120038 -0.157030 0.122329 0.852168 0.261512 -0.821621 0.945313 0.661459
杨 0.088599 -0.433554 -0.556936 -0.539576 0.054841 -0.490849 -0.427791 0.758657 -0.252474 0.108588
台湾 -0.529983 -0.231132 0.227867 -0.238084 -0.038176 -0.791817 0.000656 0.281139 0.344632 0.513305
关于 -0.195745 -0.142661 -0.012735 0.443676 0.187175 0.435353 0.423935 0.527268 -0.265759 0.021369
有的 0.127022 0.049967 -0.108502 -0.992441 0.102039 -0.257962 0.068433 0.340802 0.069687 0.218345
附 -0.035169 0.362413 -0.027136 0.271779 -0.315074 0.190573 0.194057 0.154035 0.234422 0.250317
会见 -0.474604 -0.064248 -0.727530 0.333552 0.840218 0.607574 -0.245050 0.494287 0.410326 -0.380835
成果 -0.122940 -0.084600 -0.580340 0.709471 -0.307319 -0.059082 -0.059859 -0.664183 -0.008844 -0.219729
演出 -0.236480 -0.128421 0.146959 0.116680 -0.282195 0.726653 0.151748 0.061110 0.548592 0.003763
下岗 -0.313315 0.461535 0.392797 0.076849 0.715997 0.479240 -0.679386 -0.131363 -0.720297 0.174029
因此 -0.139985 0.394392 -0.448066 0.531500 -0.469288 0.047622 0.417320 0.011845 -0.152854 0.036942
利益 -0.235893 0.140877 0.331534 0.042593 -0.511330 -0.193578 -0.232720 -0.347227 -0.911814 -0.399117
现代化 -0.337736 -0.315081 0.941802 0.334724 0.280300 -0.395975 0.579566 -0.588625 0.132753 0.269127
对于 0.039038 0.194241 0.163500 0.318500 -0.140389 0.126300 0.505163 0.403839 -0.197478 0.223246
之间 0.158575 -0.318726 -0.637415 0.179775 -0.366844 -0.496472 0.228109 0.134807 -0.180476 -0.270623
作品 -0.176885 0.081034 0.260785 -0.221058 -0.694737 0.299342 0.009529 -0.571564 0.151653 0.044570
成立 0.461866 -0.138551 -0.519611 0.526017 0.594283 0.442486 0.057534 0.117815 0.041745 -0.372639
就业 -0.351512 -0.109825 0.656008 -0.456933 0.853436 -0.343287 0.143082 -0.893887 0.185175 -0.438420
资源 0.500350 -0.106744 0.370023 0.171371 -0.057677 -0.504224 -0.192473 -0.681404 0.153687 0.002153
各地 -0.400298 -0.140748 0.560225 0.036454 -0.033027 0.215469 0.126886 0.076614 0.053813 0.995498
实践 -0.842074 0.034604 0.582902 -0.048127 -0.026704 0.318181 0.510396 -0.357016 0.283990 -0.667250
县 -0.096821 -0.223471 0.315053 -0.065685 0.393260 0.468757 -0.343817 -0.461705 0.487227 0.745196
点 0.151824 0.418510 0.562417 -0.569323 -0.447483 -0.054160 0.136590 0.065159 0.372351 0.251693
青年 -0.617480 0.109594 0.716937 0.055835 0.107090 0.312133 -0.485749 0.138538 -0.017999 0.493821
期间 -0.066532 -0.278459 -0.384395 -0.174613 -0.143276 0.737547 0.539929 0.086110 0.664450 -0.008238
时期 -0.422012 0.149863 -0.094419 0.299683 -0.313960 0.194956 0.808340 -0.722817 0.654580 0.252988
内容 -0.281267 -0.104361 0.034925 0.238343 -0.676769 0.092356 0.191478 -0.626953 -0.263302 0.304588
灾区 -0.653728 -0.360581 0.528754 -0.239477 -0.134462 0.530528 0.136735 -0.165945 0.369829 0.873444
受 0.272670 0.242213 0.210170 0.305361 0.173493 -0.480256 -0.171735 0.607802 -0.337378 0.182970
设施 0.484931 -0.827133 0.202453 -0.535243 -0.319674 0.308285 0.035169 -0.714724 0.263812 -0.373510
仅 0.615584 0.411962 -0.720712 -0.188616 0.133827 -0.368265 0.115003 -0.275113 -0.159835 0.734724
受到 0.203372 0.197189 -0.147433 0.324785 0.090533 -0.296999 0.054743 0.719218 -0.483155 0.107912
行动 -0.175564 -0.065558 -0.077272 0.472927 -0.228843 0.256191 -0.168867 -0.424657 -0.870820 -0.386680
机制 0.350155 -0.043175 0.000902 0.281424 -0.194875 0.138485 0.559767 -0.963076 -0.455112 -0.321813
政协 -0.931136 -0.607270 0.170465 -0.705742 0.601099 -0.227632 0.121649 -0.218411 -0.725333 0.038539
行业 -0.141040 -0.445149 0.210152 0.203703 0.014535 0.094705 -0.351936 -0.826710 0.228043 0.280828
自 0.188912 0.454538 -0.408630 0.346027 0.403393 -0.086433 0.045329 0.074623 -0.307589 0.927094
外 0.260156 -0.097852 -0.535510 -0.378191 -0.197142 0.179898 -0.085051 -0.337829 0.756370 -0.214312
写 0.180940 0.405850 0.117741 -0.517500 -0.075223 0.522187 -0.208220 0.268052 -0.294940 -0.407502
领域 0.013208 -0.480319 -0.244544 0.117955 -0.327318 -0.280888 0.675767 -0.572338 0.746633 -0.360827
联合 0.239919 -0.758186 -0.409153 -0.342625 0.114026 -0.114567 0.017181 0.167831 0.180289 0.011012
如何 -0.100346 0.175859 0.188539 -0.100558 -0.146165 0.348062 0.861448 0.162541 -0.432597 0.274681
双方 -0.888507 -0.360968 -0.394051 -0.043935 -0.312393 -0.399696 0.357510 -0.029441 -0.171554 0.208063
保护 -0.005942 -0.297771 0.238920 0.365829 0.245540 0.173618 -0.073933 0.181037 -0.287189 -0.568554
按照 0.501396 -0.039705 0.109418 -0.139102 0.808447 0.072417 0.075657 0.578641 -0.574623 -0.020417
召开 0.342077 -0.522740 -0.537524 0.026811 0.966093 0.607216 0.513860 0.440968 0.223268 -0.233188
优势 -0.033897 0.011185 -0.087184 0.269617 -0.226628 0.012127 0.052761 -0.599378 -0.059564 -0.753311
驻 -0.575404 -0.181332 0.319229 0.662985 0.308899 0.335107 -0.251738 0.859514 0.115006 0.134956
规模 0.371749 0.236855 0.135733 -0.451663 0.225660 -0.101804 -0.408276 -0.658203 0.102345 -0.378201
充分 -0.372766 0.538271 0.173434 -0.153047 0.503259 0.344219 0.506022 0.336657 -1.049617 -0.132181
原因 -0.489401 0.230322 -0.340424 0.468086 -0.731342 -0.147383 -0.099701 -0.591132 -0.380509 0.307249
新年 0.144868 -0.340611 0.148641 -0.310486 -0.452456 -0.031265 0.217897 0.160859 0.494925 0.431032
了解 -0.338611 0.115031 -0.265885 0.667761 0.470499 0.388865 -0.317527 0.213145 -0.422809 -0.322005
像 0.247613 0.694458 0.169826 0.191802 -0.306052 -0.033428 -0.031974 0.460557 0.053127 0.013118
经验 -0.426813 0.186594 0.113154 -0.034466 -0.472359 0.653345 0.700225 -0.555637 -0.241047 -0.330117
大学 0.098435 -0.367674 0.308530 -0.382159 0.027225 0.673364 -0.251899 -0.021441 0.546175 -0.088830
监督 -0.178448 -0.633131 0.069454 -0.104361 0.363959 0.073789 -0.154191 -0.219736 -0.853279 -0.844571
行为 0.085290 -0.107487 -0.002997 0.037538 -0.522084 0.296363 -0.055224 -0.526742 -0.490178 -0.335162
原则 -0.628582 -0.059121 0.093376 0.469114 -0.099236 0.514636 0.579353 -0.637702 -0.865149 -0.247299
竞争 0.147245 -0.056531 -0.011040 0.037742 -0.085831 -0.389607 0.002783 -0.590794 0.342684 -0.690360
赵 -0.232590 0.039713 -0.020367 -0.581565 0.483670 -0.050681 -0.638193 0.784586 -0.408672 0.574052
调查 -0.607297 -0.264148 0.133829 0.247060 0.420342 0.793149 0.123668 -0.356323 -0.420544 -0.628673
良好 -0.233781 0.045518 0.412987 0.414375 0.124128 -0.772113 -0.045642 0.589922 0.324368 -0.494430
制定 0.381912 -0.254293 -0.124244 0.046764 0.518191 0.469478 0.143668 0.180434 -0.521174 -0.484197
家庭 0.051959 0.111511 0.423034 -0.498931 -0.115650 0.235807 -0.521275 -0.555849 0.065273 0.241080
形势 -0.730330 0.403505 -0.221307 0.043569 -0.141435 -0.563424 0.298651 -0.917572 0.003712 -0.445722
投入 0.517150 0.085923 -0.340816 -0.157109 0.370844 0.111633 -0.133495 -0.436799 -0.059742 -0.650649
比赛 -0.409006 -0.031135 -0.377127 0.389284 0.035218 0.553257 -0.291628 -0.645791 0.626021 -0.142608
件 0.720106 0.349672 0.585187 -0.699467 -0.043876 0.076320 0.452928 0.052876 0.029555 0.398816
分别 0.300941 0.230574 -1.152323 -0.355185 0.193616 -0.343808 -0.063905 -0.217438 -0.272345 0.247997
过程 -0.661627 0.226795 0.411469 0.443602 0.105760 0.515997 0.112722 -0.906014 0.685026 -0.537210
贡献 -0.616087 0.124157 -0.509055 0.617199 -0.139390 0.380791 0.185504 0.013692 -0.519032 -0.836635
创造 0.644287 0.321752 0.483076 -0.231778 0.481731 -0.244535 0.289371 0.160268 0.109834 -0.721280
部长 -0.724806 -0.431703 -0.004505 -0.268652 -0.132195 0.683578 -0.271810 0.159660 0.604361 -0.377440
获得 0.475146 0.195269 -0.334388 -0.223111 0.687962 -0.290505 0.003386 0.404960 0.210110 -0.327711
直接 0.183619 -0.262148 -0.390280 -0.227553 0.294750 -0.712641 -0.494601 0.291003 -0.706808 0.108024
贯彻 -0.127005 -0.498995 0.223223 -0.294503 0.965182 0.015590 0.471858 0.726432 -0.267869 -0.389816
日前 0.044858 -0.294327 -0.884106 -0.078075 0.049117 0.223981 0.359789 -0.047130 0.056754 0.691299
人才 0.121590 0.028116 0.498079 0.441153 -0.148203 0.257763 -0.010840 -0.610995 0.276960 0.059348
力量 -0.673081 0.093941 0.112050 0.342906 -0.136370 0.074423 -0.135283 -0.390595 -0.586407 -0.524189
资产 0.008854 0.107507 -0.198950 -0.406683 0.474917 -0.127077 -0.597384 -0.890928 0.448654 -0.410946
系列 0.434640 -0.406407 0.472512 -0.269580 -0.197526 -0.383043 0.527528 0.165351 0.090135 0.133339
认真 -0.268073 -0.132967 0.394928 -0.246282 0.270367 0.350667 0.523661 0.657462 -0.788002 -0.129021
间 0.130662 -0.131644 -0.502703 -0.105391 -0.067379 -0.364516 0.133897 0.246865 0.717720 -0.514602
学生 -0.526583 0.228365 0.523193 -0.040386 -0.204757 0.173468 -0.312256 -0.290379 0.097464 0.455390
创作 -0.182393 0.014595 0.404979 0.395228 -0.332175 0.305351 0.011687 -0.273452 0.420877 -0.422750
地 0.269322 -0.123428 -0.231893 0.036143 0.028338 0.500528 -0.453032 -0.408826 0.320053 0.439516
存在 0.484863 0.393531 -0.010955 0.181839 -0.247435 -0.655778 0.081147 -0.046637 -0.531146 -0.300986
变化 -0.484233 0.553676 -0.322217 0.510906 -0.005747 0.036321 0.204061 -0.691523 0.425809 -0.487572
阶段 -0.160096 0.090520 -0.186821 0.628654 -0.106437 0.058607 0.903877 -0.926321 0.608476 0.204419
保证 -0.060356 0.261684 0.167236 0.458894 0.314104 0.133616 -0.007540 0.411084 -0.334185 -0.516325
造成 0.415830 0.364519 -0.032166 0.380975 0.003297 -0.443064 -0.130029 0.352323 -0.298162 -0.210871
反 -0.278548 -0.220169 0.488031 0.281495 1.022533 -0.050916 -0.075489 0.199746 -0.724206 0.715576
户 0.444551 0.078344 0.304359 -0.325171 0.237970 0.126984 -0.401303 -0.419159 0.162996 0.766985
这次 -0.045776 -0.419897 -0.452021 -0.479054 0.212810 -0.307250 0.561961 0.251454 0.260562 0.622677
扩大 0.201878 0.030501 -0.065279 0.617698 0.535343 -0.123797 -0.045383 0.151513 0.111893 -0.513449
持续 0.067184 0.581871 0.013585 0.139338 1.015395 -1.098844 0.055640 -0.220931 -0.452670 -0.120912
欧洲 -0.497837 -0.116558 -0.106728 0.091343 0.116388 -0.703619 -0.036436 -0.084560 0.529381 0.498851
访问 -0.484692 -0.318080 -0.774416 0.210054 0.259248 0.352457 0.273055 0.295229 0.329812 -0.546897
产生 0.525182 0.432525 0.023945 -0.005417 -0.102418 -0.716253 0.130593 0.260675 -0.190773 -0.478848
正在 0.469804 0.175030 -0.338231 -0.382492 0.484483 0.189710 0.757558 0.258400 -0.383190 0.181181
当地 -0.069597 -0.224419 0.525127 0.329633 0.107814 -0.141021 -0.052735 0.234383 -0.033778 0.887860
交通 -0.043570 -0.442243 0.309925 0.237690 0.092702 -0.455137 -0.320757 0.064401 0.063525 0.240864
体系 0.095921 -0.510298 0.112388 -0.210400 -0.409779 0.155601 0.511829 -1.090706 -0.511950 -0.223139
健康 -0.201996 -0.020449 0.369336 0.220132 0.349657 -0.911906 -0.130450 0.412913 -0.361644 -0.141370
每 0.538491 0.249217 -0.375523 -0.608555 0.000565 -0.555233 0.112020 -0.143850 0.009978 0.606765
俄罗斯 -0.551406 -0.340375 -0.180452 -0.005771 -0.100985 -0.499306 -0.240586 0.458550 0.091325 0.555993
一 0.298181 0.666214 -0.633079 -0.971536 0.153313 0.495014 0.275568 -0.335466 0.181479 0.179454
医院 -0.103761 -0.441585 0.215269 -0.700106 -0.039609 0.681566 -0.264582 -0.264303 0.217472 -0.006574
犯罪 0.228178 -0.512862 0.392342 0.019478 -0.178161 -0.274812 -0.328990 0.023027 -0.601906 0.402518
革命 -0.653196 -0.149336 0.646360 0.300878 -0.378429 0.002824 -0.002960 -0.046035 0.234295 0.089674
低 0.135649 0.880507 0.262869 0.016830 0.763922 -0.696337 -0.200546 -0.063655 0.505512 -0.363965
场 0.064521 -0.112903 0.452144 -0.488052 0.008223 -0.230463 0.363197 -0.208229 0.823695 0.461121
改善 -0.118321 0.060591 0.270545 0.827107 0.544039 -0.394167 0.176580 0.073578 -0.027050 -0.634302
大家 -0.463356 -0.103049 0.230775 -0.753098 -0.425852 0.157309 0.067390 -0.114761 -0.276531 0.626220
１２月 0.174275 -0.309839 -0.978206 0.123849 -0.027535 -0.116622 0.121139 0.215578 0.665271 0.691962
强 -0.239022 0.411944 0.051523 -0.235267 0.355427 -0.415430 -0.217772 0.236420 0.548542 -0.520635
宣布 -0.246664 0.163314 -0.958703 0.245310 0.244696 0.299181 0.078549 0.423637 -0.119986 -0.344262
有效 0.125144 -0.369896 0.212691 0.033767 0.027044 -0.634896 0.237955 0.286062 -0.752627 -0.469019
没 0.331541 0.780298 0.074557 -0.598309 0.092685 0.308578 0.091893 -0.236613 -0.404519 0.398303
少 -0.244846 0.723284 -0.292576 -0.767003 0.178482 -0.395929 -0.121226 0.025694 -0.103960 -0.398119
结果 0.031782 0.140741 -0.445843 0.345384 -0.441438 0.365300 0.120804 -0.501162 -0.260274 0.350281
最近 0.112664 -0.104922 -0.944941 -0.023285 0.159703 -0.232498 0.526884 -0.101703 -0.084392 0.670649
长期 0.002342 -0.036412 0.166694 0.232183 -0.269168 -0.625983 -0.096508 0.215936 -0.324874 0.244892
意义 -0.582653 0.318660 0.187907 0.149607 -0.660393 0.031530 0.139552 -0.466577 -0.058198 -0.679534
学校 -0.023790 -0.097398 0.580106 0.168416 -0.217008 0.300089 -0.145011 -0.376750 0.137759 0.414753
图 -0.140447 0.558387 0.151651 -0.746870 0.267264 1.044993 -0.406519 -0.765826 0.083169 -0.501207
先后 0.580995 -0.158069 -0.756880 -0.707982 0.414049 0.297144 0.310906 0.081505 -0.317869 0.230758
徐 -0.138341 -0.448621 -0.426292 -0.761779 0.093104 0.123822 0.365586 0.814410 0.012935 0.727696
货币 -0.122979 -0.582828 -0.381219 0.269122 0.617611 -0.814768 -0.410242 -0.314251 -0.122892 -0.003539
英国 -0.581225 -0.120826 -0.034749 0.175248 -0.106898 -0.523362 -0.333658 0.302486 0.260344 0.664644
邓小平理论 -1.043097 -0.448096 -0.139576 -0.534061 0.167802 -0.327243 0.808024 -0.208288 -0.510066 -0.343251
鹏 -0.942621 -0.135455 -0.528316 -0.774075 0.234329 -0.317466 -0.544994 -0.017155 -0.032482 -0.631448
斗争 -0.528729 -0.527459 0.145935 0.758757 0.105840 0.527456 0.259452 -0.319976 -0.188386 -0.302361
贸易 -0.215144 -0.563130 -0.289080 0.333861 0.295033 -0.527804 -0.206365 -0.447331 0.267241 -0.444666
日 -0.626404 -0.063203 -0.297367 -0.003230 -0.188715 -0.252008 -0.084272 0.013744 0.778825 -0.245294
增强 0.143336 0.444282 0.537389 0.645835 0.412943 0.029212 0.436345 0.177736 0.058756 -0.414579
加快 0.280566 -0.022412 0.156763 0.548439 0.589892 -0.054426 0.503556 0.442163 -0.169795 -0.420356
明显 -0.213538 0.795817 -0.108731 0.092096 0.416050 -0.603972 -0.079375 -0.457064 -0.726244 -0.233434
干 -0.135857 0.743605 -0.206837 -0.618192 0.054387 0.417159 -0.366653 0.200686 -0.309989 -0.242336
事 -0.048985 0.615843 0.237546 -0.343955 -0.486893 0.588562 0.215441 -0.467772 0.041963 0.414778
市场经济 -0.500464 0.304775 0.659389 0.825505 0.260744 -0.248283 0.100324 -0.816910 0.214245 0.205707
按 0.724333 -0.089510 0.064665 -0.283956 0.542050 -0.004213 -0.064625 0.403307 -0.455557 -0.087824
贷款 0.487321 -0.359419 -0.515759 -0.029504 0.280113 -0.223851 -0.332108 -0.554870 -0.239069 -0.396957
军事 -0.443058 -0.709986 0.592381 0.249744 -0.002245 -0.324363 0.010407 -0.074929 0.076022 -0.115807
首先 -0.258926 0.033656 -0.507849 -0.189573 -0.519345 -0.153225 0.391194 -0.137514 -0.752922 0.303154
现代 -0.134982 0.391131 1.074377 0.231168 0.630038 -0.558004 -0.138901 0.269872 0.321672 0.340559
宣传 -0.047693 -0.321526 0.909390 0.168578 0.377590 0.764189 0.282772 0.059464 -0.083425 -0.367293
个人 0.297945 -0.287112 0.404360 -0.241633 -0.218583 -0.149728 -0.150429 -0.362969 -0.387702 0.812829
指导 -0.647291 -0.359765 0.635381 0.193976 0.384673 0.552003 0.506150 0.208749 -0.188404 -0.403129
台 0.381840 -0.058239 0.551594 -0.291826 -0.316968 -0.027293 -0.033117 0.019841 0.661670 0.646782
报告 -0.401139 -0.393153 -0.272700 0.212732 -0.001730 0.903177 0.198498 -0.250105 -0.354523 -0.232716
电话 0.254022 -0.257440 0.243212 -0.255008 -0.113886 -0.002334 -0.353771 -0.322600 0.345695 -0.141938
讲话 -1.125167 -0.407991 -0.390332 -0.057804 -0.100621 0.791443 0.365722 -0.000362 0.104929 -0.700656
参与 -0.386597 -0.126581 0.242699 0.270531 0.484826 0.001050 -0.161213 0.491124 -0.331456 -0.435515
段 -0.402050 0.653566 -0.643111 -0.205985 0.113193 -0.410679 -0.491365 0.432755 0.150116 0.620758
优秀 -0.301236 0.167297 0.889382 -0.210662 0.120272 -0.242360 0.002424 0.521892 0.076978 0.102946
路 0.106808 0.267659 0.129526 0.046864 -0.256325 0.605713 0.184651 -0.302146 0.429410 0.128541
朱 -0.049815 -0.725515 -0.491254 -0.746506 0.819930 -0.106323 -0.375650 0.843175 -0.210228 0.322733
结束 0.051712 0.227932 -0.723247 0.380807 0.960833 0.565279 0.175409 0.101658 0.320511 -0.428943
京 -0.119888 -0.168465 -0.155351 -0.026192 -0.156653 0.424553 -0.246358 -0.103680 0.418148 0.988987
责任 -0.018919 0.176204 -0.268330 0.119113 -0.144499 0.400904 -0.325690 -0.419978 -0.707406 -0.002364
负责 -0.299323 -0.804235 0.069245 -0.569161 0.608875 0.393018 0.140026 0.500723 -0.553049 -0.389672
但是 -0.463594 0.625211 -0.367036 0.347336 -0.258765 0.385171 0.450652 -0.030352 -0.069217 0.219518
成绩 -0.295038 0.333370 -0.857367 0.388872 -0.245054 -0.001231 0.038114 -0.455200 0.078986 -0.427054
更加 0.090892 0.105392 0.135648 -0.850303 0.321969 -0.567625 0.612102 0.246937 -0.690099 -0.127477
具体 0.191805 -0.281028 0.458279 -0.197287 -0.160441 -0.599372 0.334904 0.260899 -0.522350 -0.019737
自治区 -0.293834 -0.716002 -0.012421 -0.264460 0.256540 0.569161 -0.111885 0.114245 -0.283913 0.932707
电视 -0.084077 -0.486927 0.305281 -0.232199 -0.141930 -0.267847 -0.048233 -0.106718 0.669627 0.264956
相 -0.254863 -0.182239 0.134625 -0.314692 -0.085524 -0.845672 0.865461 -0.132566 -1.009631 0.140273
应该 0.032015 0.405109 -0.198603 -0.276801 -0.400237 0.163716 0.756377 -0.070533 -0.793214 -0.172248
打 0.572282 0.320173 0.435261 -0.646476 0.348785 0.645899 0.084624 0.096178 -0.113792 -0.303216
人口 -0.329313 0.365745 0.101344 0.366899 -0.003981 -0.316219 -0.580767 -0.858756 -0.169503 0.537741
财政 0.175914 -0.908328 -0.117054 0.143578 0.427427 -0.673270 -0.315246 -0.370425 -0.112876 0.383709
高度 -0.609155 -0.462851 0.306513 -0.614447 -0.150657 -0.196735 0.770842 0.112812 -0.878236 -0.134209
来自 0.026800 0.194501 0.185242 0.180312 0.267433 -0.273974 0.050528 0.731494 0.347651 0.578335
根本 -0.208261 0.008966 0.592626 -0.429419 -0.393203 -0.945574 0.489234 -0.413288 -0.628641 -0.320017
减少 0.380251 0.319040 -0.033772 0.385683 0.555452 -0.173986 -0.370072 0.151905 0.112347 -0.469501
吨 0.448747 0.075751 -0.436128 0.180195 0.256246 -0.195569 -0.723738 -0.664274 0.047448 0.302958
进程 -0.558345 0.091296 -0.196123 0.746578 -0.177406 0.461588 0.241205 -0.661456 0.603737 -0.115850
行政 0.272306 -0.607227 0.822268 0.028762 0.192073 -0.204565 -0.118191 0.264508 -0.328994 0.271622
处理 0.180318 -0.110981 0.161401 0.107422 0.522483 0.828075 0.137945 -0.026665 -0.086356 -0.650286
现象 0.192554 0.547122 -0.440290 0.354841 -0.600496 0.157623 0.093942 -0.607342 -0.397992 -0.095968
加大 0.628310 0.134754 0.339868 0.319867 0.937267 0.047259 0.621298 0.329248 -0.245262 -0.266193
一起 -0.143438 -0.067230 -0.195641 -0.371445 0.017187 0.614192 0.401767 0.056152 -0.478885 0.965161
新春 -0.115968 -0.418578 0.390428 -0.131724 -0.474348 0.079223 0.280160 0.288344 0.561280 0.555391
接受 0.441483 -0.369364 0.012016 0.058800 0.453575 0.091320 0.003845 0.608662 -0.304505 -0.162461
分析 -0.248219 -0.088915 -0.032395 0.338641 0.067145 0.755006 0.146485 -0.084469 -0.330266 -0.754888
力度 0.358109 -0.672035 -0.134574 0.348515 -0.086881 0.402659 0.944897 -0.531404 -0.172329 -0.452975
表现 -0.147254 0.635799 0.149614 0.259492 -0.227475 0.255835 -0.110835 -0.079535 -0.196775 -0.572089
住 0.148514 0.634684 0.007741 -0.489669 -0.222134 0.397496 -0.244249 0.098684 0.396232 -0.410687
居民 -0.179895 -0.021359 0.464563 -0.256671 -0.190136 -0.206514 -0.439109 -0.521829 -0.261653 0.548284
晚会 -0.346057 -0.148713 0.335339 -0.270581 -0.322184 0.587296 0.258103 -0.218118 0.639460 0.088043
商品 0.478963 -0.294354 0.030755 0.071199 0.237078 -0.339746 -0.373425 -0.639501 0.473879 -0.290782
邓 -0.518141 -0.324928 -0.465072 -1.189644 0.452948 -0.254828 0.352037 0.651434 0.107404 0.094660
方针 -0.610072 -0.566366 0.177430 0.381771 -0.348165 0.391655 0.868219 -0.434292 -0.633601 -0.046668
最后 0.077604 0.092531 -0.573322 -0.430933 -0.319683 -0.324850 0.079046 0.048073 0.378918 -0.067219
抓 0.341580 0.083097 0.564565 -0.155369 0.656715 0.429382 0.150510 0.131121 -0.022493 -0.522472
读者 -0.727873 -0.153562 0.279519 -0.567572 -0.441758 -0.141054 -0.193339 -0.131000 -0.545146 0.452562
资本 0.142612 -0.237289 -0.064588 0.080968 0.086255 -0.593273 -0.679028 -0.530556 0.220464 -0.023703
执行 0.341529 -0.148794 -0.121997 0.003638 0.884964 0.213077 -0.348517 0.313374 -0.727347 -0.278022
各项 0.313208 -0.740293 0.588847 -0.147161 0.454295 -0.655176 0.395626 -0.370354 -0.535982 0.455237
任何 0.097248 0.213924 0.673974 -0.672557 0.045530 -0.591272 0.109036 0.075118 -0.285917 0.390200
还有 0.489851 0.264538 -0.143909 -0.292623 -0.064911 -0.248569 0.281542 0.245061 -0.057472 0.421435
腐败 -0.230260 -0.178729 0.014447 0.652581 0.274107 -0.196095 -0.835618 -0.197281 -0.875283 0.094692
精神文明 -0.212017 -0.800343 1.171619 0.043815 0.399451 0.025081 0.410010 -0.600948 0.100544 0.407635
团结 -0.515133 0.163000 0.399849 0.781925 0.003913 -0.481069 -0.019474 0.170184 -1.164472 0.168700
搞 0.745434 0.414347 0.413932 -0.509353 0.311697 0.299474 -0.028978 0.206698 0.011728 -0.181338
集中 0.104892 -0.018812 0.162125 -0.221923 0.286320 -0.367852 -0.205664 0.246287 -1.056115 0.071738
买 0.267034 0.412783 0.355106 -0.670255 -0.037367 0.621519 -0.067881 0.144650 -0.207933 -0.189518
亚洲 -0.467863 -0.360854 -0.354534 -0.177709 0.427790 -0.935477 -0.058162 0.208431 0.603413 0.343839
水 0.593773 0.112964 0.172361 -0.517678 -0.312372 -0.151445 -0.310464 -0.377405 0.417499 -0.102932
带 0.139376 0.360814 0.323131 -0.520087 0.181143 0.565818 -0.203818 0.361093 0.180949 -0.229701
统计 -0.466879 -0.059586 -0.076055 0.780350 0.601937 0.516774 -0.469472 -0.087969 -0.467972 -0.212578
标准 0.186907 -0.189025 -0.064296 0.167970 -0.376786 0.198401 0.008678 -0.585449 -0.468842 0.079642
基层 -0.297283 -0.255638 0.980813 -0.637360 0.520125 0.286232 0.073657 -0.278292 -0.119738 0.574347
特色 -0.630147 0.883437 0.967026 0.361141 0.149289 -0.136711 0.025721 -1.041414 -0.212996 0.216290
伟大 -0.620555 -0.301646 0.870045 -0.528413 -0.180078 -0.691832 0.539503 0.789901 0.127997 -0.220859
观众 -0.355853 0.068981 0.156087 -0.396431 -0.576069 -0.004818 -0.301771 -0.288934 -0.091594 0.412093
胡 0.073049 -0.382274 -0.161234 -0.727478 0.417944 0.111437 -0.392954 0.703809 -0.358948 0.743946
选举 -0.747905 0.092564 -0.587772 0.099327 0.510081 1.032226 -0.442789 -0.286917 0.521164 -0.110615
难 -0.237423 0.961841 -0.192520 -0.896106 -0.172011 -0.367883 0.209921 -0.061017 -0.048684 -0.626798
联系 -0.392381 0.125103 0.055937 0.755157 0.145720 -0.160285 -0.248197 0.041237 -0.818971 -0.126728
地位 -0.101894 0.247835 -0.357113 0.207198 -0.560234 -0.025782 -0.214898 -0.545255 -0.201148 -0.368784
带来 0.518477 0.369583 0.035696 0.054711 -0.024587 -0.445794 0.342578 0.291559 0.085234 -0.436207
时代 -0.416359 0.184179 0.303968 0.286671 -0.400834 -0.531185 0.290864 -0.260128 0.481481 0.186299
大力 0.034039 -0.208772 0.506155 -0.006087 0.391971 -0.301333 0.734510 0.705808 -0.814509 -0.047434
亩 0.761602 0.300109 -0.021354 0.075278 0.175523 0.067360 -0.413665 -0.691014 0.321431 0.294871
案件 0.136701 -0.011457 -0.156930 0.462222 -0.284738 0.284623 -0.527977 -0.305897 -0.631979 0.149568
准备 0.246394 -0.093666 0.125007 -0.325145 -0.361191 0.370445 0.178537 0.267973 -0.191222 -0.011609
甚至 0.321875 0.407648 -0.689115 -0.159526 -0.516869 -0.047897 0.103311 -0.226962 -0.165077 0.312816
出版 0.413217 -0.432389 0.183252 -0.038389 0.243780 0.482936 -0.003021 0.206894 0.380032 -0.417312
石油 0.194179 -0.342309 0.006374 -0.074545 0.343012 -0.569488 -0.350232 -0.198268 0.602622 -0.236230
约 0.561389 0.603051 -0.638409 -0.104993 0.230581 -0.391592 -0.088087 -0.324631 -0.072506 0.908207
每年 0.437931 -0.181269 -0.619825 -0.570018 0.088733 -0.132653 0.079845 -0.360870 -0.155671 0.662243
培训 0.301543 -0.111889 0.381562 0.276117 0.274331 0.810048 -0.090774 -0.399008 0.001322 -0.300771
法律 0.026949 -0.412843 0.417775 -0.040622 -0.256048 -0.381141 -0.050215 -0.197343 -0.504371 -0.010586
来到 0.307098 0.302474 -0.331789 -0.285903 0.109695 0.562086 0.106026 0.559340 0.184734 -0.007372
罗 -0.210979 -0.383433 -0.329499 -0.743606 0.440570 -0.307104 -0.204063 0.761306 -0.232127 0.787129
未 0.417781 0.619402 -0.618413 -0.557383 0.140034 -0.070584 0.094712 -0.274953 -0.378659 -0.177265
电力 0.150932 -0.507368 0.610776 -0.263950 0.660811 0.020090 -0.602457 0.208904 0.444781 -0.124452
黄 0.014075 0.004965 -0.453770 -0.807055 0.629922 0.069455 -0.434771 0.739476 0.296407 -0.151909
引起 0.147346 0.264869 -0.102378 0.402775 0.028543 -0.381750 0.169316 0.738415 -0.107831 -0.016314
检查 0.288155 -0.652475 0.267571 0.248953 0.430643 0.676887 -0.069960 -0.040090 -0.322099 -0.465276
业务 0.229009 -0.385185 0.063309 0.131741 0.098578 0.100796 -0.390970 -0.481127 0.056656 -0.496829
恩来 -1.085857 0.072680 0.182561 -1.139300 0.305082 -0.090535 0.126308 0.095454 0.466591 -0.304778
使用 0.402182 0.093476 0.242798 -0.064453 0.131356 -0.151923 -0.445316 0.235595 -0.298156 -0.019181
令 -0.035468 0.781239 0.675676 -0.009056 0.793198 -0.024718 -0.048035 0.797301 -0.060313 0.282179
逐步 0.424117 0.054761 -0.286888 -0.240621 0.220878 -0.392187 0.939732 0.113479 -0.688326 -0.225130
孙 -0.013358 -0.344768 -0.414477 -0.787477 0.236688 -0.275891 -0.231371 0.859383 0.095416 0.273180
即 0.473984 0.100976 -0.380146 0.013660 -0.468014 0.088793 0.316083 -0.337178 -0.033043 0.394018
知识 -0.082474 -0.118203 0.394776 0.161666 -0.312945 0.306751 -0.115631 -0.665077 -0.157453 -0.394805
队伍 0.245879 0.114905 0.546112 -0.072465 -0.289383 0.573372 -0.140012 -0.980787 -0.154132 0.034265
举办 0.251370 -0.294934 -0.413145 -0.123917 0.938747 0.207316 0.166772 0.444013 0.441764 -0.320472
马 -0.356628 -0.035164 -0.401221 -0.320985 0.007716 -0.481514 -0.295883 0.792694 -0.054258 0.138996
法国 -0.461111 -0.265272 -0.225160 -0.105268 -0.044235 -0.479121 -0.116604 0.458921 0.208001 0.453625
或者 0.723431 -0.229148 -0.285990 -0.075337 -0.398182 0.203913 0.248341 0.124507 -0.182432 -0.000911
然而 -0.180534 0.620808 -0.614595 0.351958 -0.357488 0.518815 0.200557 0.087991 0.236563 0.414357
明确 -0.028767 -0.110376 -0.160405 -0.395670 -0.027773 -0.007829 0.202315 0.446462 -0.821836 -0.599905
话剧 -0.679386 0.081913 0.676925 0.134810 -0.443262 -0.201924 -0.120494 -0.451834 0.420634 0.338989
其琛 -1.480433 -0.003162 -1.115070 -0.813687 0.368031 0.549355 0.135126 0.185918 -0.091237 -0.649248
书 -0.014727 0.106308 0.566108 -0.096724 -0.348541 0.350751 0.084918 -0.162066 0.625383 0.016842
证券 -0.060207 -0.602438 0.233321 -0.370136 0.436021 -0.206463 -0.358194 -0.339938 0.669113 0.013897
拿 0.482196 0.347883 -0.031953 -0.669540 0.330015 0.808352 -0.400065 0.164485 -0.292574 -0.390840
经 0.512324 -0.264941 -0.027271 -0.270235 0.517174 0.033193 0.050272 0.650862 -0.283440 0.426104
出来 0.230192 0.671000 0.220391 -0.291933 -0.216726 0.145670 0.634139 0.206948 0.616997 -0.192623
林 -0.017797 -0.116027 -0.211627 -0.502629 0.077714 -0.398437 -0.521010 0.728129 -0.022642 0.369182
能够 0.181474 0.523877 -0.187558 -0.130728 -0.180018 0.084270 0.886822 -0.099505 -0.335410 -0.412010
党中央 -0.732678 -0.479569 -0.437811 -0.486878 0.639325 -0.352256 0.664925 0.370201 -0.449897 0.956849
市委 -0.324885 -0.717847 0.369881 -0.651437 0.207346 0.285243 -0.164283 0.208209 0.348935 0.453959
之一 0.107836 -0.008731 -0.719789 0.477528 -0.355929 -0.000839 0.440878 -0.363614 -0.028459 0.480555
整个 0.109362 -0.065166 0.436141 0.265548 0.287632 -0.695096 -0.031552 0.166761 0.283267 0.487578
出席 0.120023 -0.322467 -0.680009 -0.135171 0.725227 0.898616 0.127937 0.582002 -0.098708 0.172327
设备 0.419016 -0.396071 -0.039420 0.125043 -0.106508 -0.079940 -0.312494 -0.644534 0.523177 -0.129531
友好 -0.400761 -0.737323 -0.061895 0.319202 0.105678 -0.565851 -0.035185 0.562146 -0.153411 -0.412465
真正 0.158631 0.569141 0.085761 -0.454561 0.113174 -0.223287 0.627644 -0.012589 -0.472493 -0.419465
平均 0.628833 0.134119 -0.631315 -0.244291 0.061986 -0.547231 -0.205572 -0.213375 0.274961 -0.261319
培养 -0.131315 0.130903 0.602841 0.460582 0.476389 0.286249 0.045907 0.127654 0.256950 -0.560672
控制 0.367408 0.002801 -0.080670 0.527382 0.207849 0.078845 -0.337273 -0.148855 -0.578892 -0.461776
当前 -0.569936 0.260615 0.019557 0.747940 0.176917 -0.500291 0.175852 -0.051542 -0.125411 0.624896
速度 0.306385 0.537727 -0.217711 0.344802 0.079391 -0.108404 0.253118 -1.185492 0.229748 0.152267
欢迎 -0.612687 -0.039528 0.011876 0.158545 -0.205881 0.353559 0.066808 0.583119 -0.405238 -0.497383
反映 -0.150811 0.494838 0.431808 0.346645 0.148607 0.254762 0.013076 0.392101 -0.375633 -0.667277
所有 0.253669 -0.279097 0.184786 -0.340998 0.226381 -0.405895 -0.121459 0.367955 0.103363 0.744858
铁路 0.145928 -0.262766 0.157390 -0.317011 0.062395 -0.233754 -0.592984 -0.112800 0.347292 0.418623
关键 -0.369223 -0.035825 0.145495 -0.198519 -0.358992 -0.874673 0.266148 -0.013261 -0.520605 0.202277
首都 -0.227751 -0.205328 0.406869 0.282260 0.019992 -0.109903 -0.096401 0.237736 0.581559 0.731923
大型 0.350405 -0.101856 0.444649 -0.070113 0.554177 -0.443637 -0.353619 0.398490 0.460355 0.069680
办法 0.129936 0.186994 0.035531 0.092106 -0.338350 0.563742 0.179447 -0.780636 -0.834089 0.135655
京剧 -0.551449 0.153973 0.695287 0.305171 -0.190287 -0.361384 -0.196131 0.062072 0.297199 0.310691
效益 0.247802 0.383270 0.243713 0.449932 -0.013413 -0.300626 -0.260525 -0.873970 -0.577024 -0.168207
巨大 -0.404506 0.153377 0.262305 0.275867 0.012012 -0.922003 -0.283857 0.107790 -0.257363 -0.025316
均 0.499390 0.256405 -0.862183 -0.330611 -0.148154 -0.113617 0.119150 -0.312415 -0.346173 0.070766
呢 -0.214429 0.774734 -0.024691 -0.035610 -0.466777 0.539840 0.254810 -0.207053 0.033813 0.273369
及时 0.211104 0.051606 -0.053236 -0.627215 0.354997 -0.063699 0.486391 0.099541 -0.978674 -0.600688
发 -0.328292 0.443189 -0.334055 -0.824135 0.642448 0.744703 -0.094498 0.265816 0.299286 -0.301043
建 0.727197 0.295028 -0.059978 -0.373891 0.898744 0.628829 -0.252581 -0.476809 -0.159218 -0.330982
公里 0.344272 0.167902 -0.010679 -0.429309 0.085862 -0.198164 -0.219635 -0.146675 0.980793 0.454772
销售 0.762159 -0.235520 -0.102276 -0.120007 0.194305 -0.442622 -0.384721 -0.358108 -0.056088 -0.252634
交流 -0.258668 -0.775549 -0.078267 0.089091 0.289211 -0.095170 0.213319 -0.060404 0.065558 -0.864489
随着 0.164448 0.231945 -0.008256 0.455751 0.432377 -0.249674 0.207936 0.710585 0.114360 0.358359
节日 -0.054431 -0.458969 0.422657 -0.196622 -0.424932 0.205649 0.217550 0.182984 0.622914 0.356435
比较 0.325300 0.683638 0.488972 -0.306671 0.519136 -0.396566 0.264052 -0.398769 -0.620085 0.003750
变 0.453297 0.643321 -0.066062 -0.218189 -0.076086 -0.260259 -0.012069 0.057317 -0.036728 -0.537261
老人 -0.452556 0.342166 -0.076840 -0.422887 -0.424944 0.265529 -0.419500 0.162330 -0.335424 0.734051
汽车 0.106815 -0.191393 0.116245 -0.519160 -0.008870 -0.205497 -0.451841 -0.135139 0.427838 -0.113918
何 0.042543 -0.524726 0.044309 -0.715253 0.055574 -0.341550 -0.032846 0.839551 -0.379984 0.546236
商业 -0.069044 -0.374195 0.191594 -0.453203 0.800337 -0.395190 -0.630681 -0.234312 0.240620 -0.244896
进步 -0.766095 -0.200561 -0.000399 0.303020 0.078816 -0.142326 0.021973 -0.227164 -0.118941 -0.984841
表明 -0.253378 0.566763 -0.518330 0.901909 0.105899 0.444633 0.184574 0.186103 -0.063419 -0.421115
会谈 -0.900946 -0.265099 -0.799391 0.035586 0.057541 0.345637 0.257993 -0.351016 0.418355 -0.459170
得 0.617481 0.628529 -0.308124 -0.399361 -0.369374 -0.012721 -0.000523 0.244446 -0.126939 -0.310977
联合国 -0.811803 -0.317280 -0.398991 -0.309184 -0.045043 -0.323338 0.290250 0.011296 0.155859 0.771911
旅游 -0.073535 -0.463334 0.045825 -0.016141 0.226805 -0.334965 -0.564083 -0.153457 0.397124 -0.310591
公安 -0.004951 -0.796366 1.000049 -0.232923 0.392209 -0.079884 -0.053937 0.525553 -0.156229 0.380396
还是 0.207664 0.429615 -0.171481 0.048004 -0.463130 0.359815 0.533045 0.260334 -0.382255 0.388580
有限公司 0.128660 -0.760181 -0.669473 -0.282192 0.254777 0.191654 -0.204470 -0.683888 0.122565 0.002110
完全 0.271778 0.626140 -0.101150 0.187891 -0.092295 -0.426483 0.329808 0.060703 -1.098993 0.556733
需求 0.025251 0.042284 -0.480500 -0.154459 -0.108620 -0.491118 0.103172 -0.798626 -0.009428 -0.586560
体现 -0.036651 0.575981 0.211380 0.493299 -0.072322 0.329236 0.132797 0.139335 -0.424271 -0.485172
价值 0.087176 0.377996 0.162860 -0.260238 -0.167892 -0.159481 -0.340285 -0.547016 -0.251037 -0.743355
谈 -0.303186 0.569716 -0.183022 -0.485936 0.628628 0.557790 -0.237253 0.206121 -0.655693 -0.281696
突出 0.124791 0.294845 0.286767 -0.136688 0.304572 -0.651253 -0.149126 0.116196 -0.658754 -0.283586
完善 0.080309 -0.202658 0.328559 0.777062 0.547203 -0.387344 0.349549 0.017826 -0.196066 -0.662278
协会 -0.243488 -0.763490 -0.440226 -0.364722 0.242222 0.765040 -0.107783 -0.526657 0.238560 -0.486249
部分 0.160099 -0.216988 0.020313 -0.254202 -0.289877 -0.238861 -0.148839 -0.340158 0.113085 0.485875
委员 0.175603 -0.727077 -0.775532 -0.074847 0.632833 0.588886 -0.325461 0.021282 0.409857 0.190998
近年来 -0.345253 0.039866 -0.616681 0.583128 0.073930 0.026980 0.564274 0.248393 0.203208 0.362113
正式 0.030311 -0.362409 -1.005239 -0.290293 0.668187 -0.062435 0.501351 -0.001218 -0.056652 -0.049943
初 -0.157390 0.285489 -0.666579 0.133758 -0.222970 -0.003257 0.517536 -0.120793 1.045945 0.159311
超过 0.429018 0.797668 -0.457440 0.251568 0.465182 -0.415066 -0.309741 0.222937 0.036006 0.016647
处 0.246551 0.475586 0.101995 -0.009243 -0.038238 -0.056879 -0.432747 -0.186905 0.046199 0.134293
谈判 -0.855720 -0.096678 -0.624597 0.118302 0.219515 0.049042 0.200395 -0.383891 -0.008674 -0.769093
领导人 -0.934414 -0.553626 -0.253718 0.227644 0.014423 0.353344 -0.172003 -0.176767 -0.344738 0.037268
一直 0.127196 0.064900 -0.711936 -0.476918 -0.120481 -0.338261 0.184677 -0.080668 -0.619352 0.130661
支 0.317565 0.206129 0.729321 -0.077682 -0.102503 0.104177 0.219295 0.136145 0.211457 0.687665
因素 -0.273654 0.214519 -0.338157 0.229798 -0.544513 -0.329114 -0.213741 -0.478684 -0.518503 -0.120763
全市 -0.020886 -0.090269 0.256275 0.227130 0.467661 0.057625 -0.035623 0.004919 0.384011 0.970188
方法 0.118037 0.128043 0.244275 0.220819 -0.402862 0.595928 0.466019 -0.754151 -0.469440 -0.215742
菜篮子 0.513838 -0.185714 0.723828 -0.213239 0.801880 -0.485836 0.415991 -0.707958 0.531020 0.023943
恢复 0.049456 -0.285068 -0.506985 0.645307 0.681297 -0.450026 -0.025103 0.310170 -0.320568 -0.057764
下午 -0.414787 0.467650 -0.946142 0.197645 -0.185831 0.380852 -0.034053 0.046580 0.325857 0.644123
连续 0.456155 -0.013226 -0.921390 -0.469295 0.476280 -0.530292 0.304563 -0.003000 0.095146 0.153626
各国 -0.897138 -0.534320 -0.383122 -0.366973 -0.118009 -0.731153 0.230439 -0.205784 0.479795 0.017871
合理 -0.143085 0.259838 0.471343 0.439074 0.275633 -0.517446 -0.279690 0.185500 -0.530537 -0.441213
转变 -0.073198 0.258535 0.300007 0.128779 0.309785 0.673522 0.320678 -0.476455 -0.196767 -0.889405
之后 0.039825 0.221974 -0.750461 0.181010 -0.150960 0.549052 0.414262 -0.062069 0.395096 0.044396
外交 -0.765058 -0.620203 0.128384 0.514630 0.390058 -0.316312 -0.012070 -0.175386 0.141279 -0.559224
部 0.383464 -0.375570 0.463031 -0.565552 -0.273492 0.030440 0.239929 0.005386 0.365961 0.386245
内部 -0.159948 -0.239985 0.386296 -0.095012 0.286777 -0.295665 -0.404556 -0.602116 -0.862956 -0.151051
关注 -0.525706 0.006225 0.209080 0.258277 -0.168252 -0.104047 -0.117486 0.569835 -0.446402 -0.279269
只有 -0.008323 0.313590 0.087763 0.111105 -0.503747 0.269182 0.816657 0.194790 -0.245227 0.263565
意见 -0.477117 -0.045003 -0.395610 0.089953 -0.144218 0.666163 0.091859 -0.109064 -0.778500 -0.058145
而是 0.184102 0.225209 -0.291064 0.070248 -0.575636 0.356693 0.483662 -0.219798 -0.029830 -0.095284
手 -0.041116 0.230342 -0.281966 -0.313395 -0.399378 0.542179 -0.190968 0.391817 -0.148727 0.150204
土地 0.206069 0.112679 -0.037238 -0.159286 -0.168348 -0.011105 -0.431779 -0.581743 0.349640 -0.304138
未来 -0.233043 0.331985 0.061189 0.128539 -0.275466 -0.575690 0.238451 -0.146124 0.428202 0.539781
适应 -0.101423 0.680834 0.424197 0.811754 0.619103 -0.292404 -0.012371 0.005682 -0.372944 -0.170070
现实 -0.853315 0.179390 0.416707 -0.056195 -0.312226 -0.710243 0.032126 -0.593625 -0.038965 0.172113
时候 -0.385156 0.532054 -0.189184 -0.064596 -0.518313 0.260516 0.376600 -0.658642 0.519338 0.278334
从而 0.415830 0.116846 -0.608638 -0.366913 -0.240709 -0.666083 0.784359 -0.468153 -0.290350 -0.138657
状况 -0.193035 0.289021 -0.496764 0.099899 -0.434894 0.031588 0.507995 -0.807426 -0.365467 -0.516347
见 -0.131070 1.065705 0.171701 -0.378122 0.249103 0.287797 -0.158440 0.297838 0.158466 -0.007719
依法 0.500343 -0.450955 0.289053 -0.263005 -0.005926 0.283523 0.347868 0.360083 -0.940274 0.290858
请 0.118291 0.488126 0.001885 -0.301028 0.251133 0.934211 0.125445 0.480875 0.069428 0.127434
国民经济 -0.508302 -0.023235 0.000986 0.685606 0.636767 -0.305303 -0.193765 -0.773862 0.325796 0.176996
改变 0.027225 0.451311 0.182719 0.663807 0.237622 0.146014 -0.132518 0.361923 -0.310981 -0.301903
关心 -0.382822 0.046153 0.508720 0.365103 0.067224 -0.067822 -0.235478 0.484021 -0.686712 -0.390243
意识 0.245575 0.066557 0.279618 0.439399 -0.545418 0.240626 0.810666 -0.490703 -0.545812 -0.219947
劳动 0.074864 -0.106365 0.521952 0.017625 -0.151482 0.320666 -0.167263 -0.144618 -0.045587 0.008004
一切 0.065302 0.111777 0.633098 -0.536086 -0.420700 -0.082623 0.377562 -0.212151 -0.037295 0.375084
小平 -1.042148 -0.089799 0.210539 -0.491238 0.979940 0.201501 0.307343 0.400094 -0.354891 -0.432298
虽然 -0.118814 0.470422 -0.590788 0.168562 -0.489442 -0.265695 0.270177 0.000633 -0.083663 0.367964
建成 0.359887 -0.101388 -0.701866 0.363488 0.840279 -0.164726 0.090731 0.036882 0.348100 -0.190577
一月 0.264442 -0.809432 -0.941968 -0.316779 -0.095836 -0.287942 0.382479 0.398499 0.229300 1.030244
节目 -0.039443 -0.200202 0.166269 -0.240226 -0.524753 0.303110 0.178307 -0.491314 0.632759 0.069796
安排 0.410505 -0.061117 -0.028577 -0.101387 0.283301 0.545082 0.066250 0.080110 -0.090896 -0.636059
反对 -0.475521 -0.242323 0.011552 0.482523 -0.261992 -0.160281 0.087243 0.511554 -0.788953 0.078298
任 0.141387 -0.160764 -0.253773 -0.678796 0.469781 0.752879 -0.197866 0.784921 0.196631 0.093542
德国 -0.507570 -0.058008 -0.010574 -0.006619 -0.077458 -0.367037 -0.045628 0.455950 0.455209 0.377733
严格 0.135202 -0.281265 0.501034 -0.679290 0.249486 -0.019158 0.189687 0.336580 -1.111484 -0.401520
基金 0.541340 -0.843441 -0.283602 -0.538541 0.388051 -0.013517 0.115683 -0.912597 0.228152 0.335535
谁 0.462974 -0.140041 0.216142 -0.993857 -0.172359 0.695377 0.304889 -0.123047 -0.139127 0.631888
集体 -0.279130 -0.018019 0.357227 -0.169415 0.501323 -0.143648 -0.589617 -0.545397 -0.540835 0.287341
交易 -0.018531 -0.289719 -0.181227 -0.222535 0.129072 -0.361660 -0.341813 -0.541544 0.459582 -0.483543
教师 -0.553992 0.375704 0.603477 0.113046 -0.199763 0.465844 -0.240435 -0.494372 -0.095573 0.586015
军队 -0.672096 -0.571078 0.854089 -0.378245 -0.122064 0.032332 0.263978 -0.370033 -0.079393 0.087287
选手 -0.852548 0.029790 0.076607 0.186974 -0.379394 0.169344 -0.465824 -0.187947 0.355562 0.395783
批准 0.270560 -0.614892 -0.479334 0.114696 0.469076 0.330938 -0.126012 0.320581 -0.428081 -0.278527
维护 -0.171062 -0.143285 0.119345 0.677467 0.758293 -0.292430 0.060830 0.728808 -0.199011 -0.209922
正确 -0.095240 -0.222014 0.634315 -0.153882 -0.299268 -0.282622 0.429872 0.304755 -0.889038 0.178932
程度 -0.256045 0.428766 0.150717 -0.293277 -0.399471 -0.024157 0.372296 -1.124461 0.531069 -0.631844
突破 0.057586 0.474355 -0.480876 0.903878 0.126995 -0.334502 -0.396922 -0.280327 0.028393 -0.271377
感到 0.098805 0.800596 -0.279975 -0.350694 0.437490 0.202297 0.205385 0.429424 -0.460155 -0.103338
党委 -0.389617 -1.002779 0.200862 -0.609760 0.297452 0.624776 0.590903 0.004995 -0.109219 0.339838
风险 0.116130 -0.376100 -0.061611 0.464415 -0.077126 -0.312304 -0.241630 -0.645558 -0.293147 -0.134058
人类 -0.901881 0.372700 0.422650 -0.006301 0.016972 -0.328634 0.001895 -0.358504 0.493877 0.177136
观念 -0.293095 -0.207755 0.347339 -0.345718 -0.478289 -0.285159 0.555699 -0.795578 -0.310915 -0.501960
村 0.144952 -0.016139 0.235388 -0.229855 0.002918 0.503030 -0.091710 -0.673736 0.456710 0.626880
典型 -0.260506 -0.283555 0.699093 -0.308199 -0.326217 0.092430 0.827614 -0.521056 -0.004865 0.033883
广泛 -0.633265 -0.185831 0.366758 0.080511 0.007501 -0.340849 0.620397 0.566667 -0.454810 -0.293375
下降 0.223250 0.428987 -0.582771 0.069476 0.590834 -0.597780 -0.358703 -0.014766 -0.187534 -0.299942
自然 -0.019261 0.401566 0.084060 -0.480965 -0.652418 -0.412414 0.146589 -0.278666 -0.362541 0.011108
１９９５年 -0.050974 0.084460 -0.752986 0.381128 0.053999 -0.137295 -0.006446 -0.257480 0.322455 0.885867
越来越 0.308005 0.463244 0.171041 -0.901777 0.341782 -0.498470 0.472868 -0.558328 -0.659788 0.010033
靠 0.042215 0.570444 0.136183 -0.037263 -0.086590 0.188869 -0.014325 0.506843 -0.503192 -0.034809
越 -0.714577 0.810155 -0.219935 -0.600944 0.841470 -0.131021 0.368067 0.347344 -0.446792 0.378463
著名 -0.431670 -0.419893 0.553117 -0.240456 0.161116 -0.211717 -0.330456 0.616143 0.522496 0.001178
座 0.362438 -0.069989 0.463429 -0.453851 -0.042783 -0.128806 0.031025 0.324228 0.720042 0.565278
迅速 -0.067128 0.138738 -0.415560 -0.672956 0.328002 -0.491518 0.219017 0.087957 -0.585888 -0.592621
学 -0.142092 0.384756 0.692644 -0.280672 0.139606 0.570880 -0.075232 0.073882 -0.117195 -0.222389
建议 -0.238806 0.057529 -0.586184 0.303824 0.034327 0.268738 0.242822 -0.300152 -0.901414 0.018735
原 -0.048289 -0.099787 -0.149280 -0.190324 -0.239395 -0.255892 -0.353910 0.163300 -0.228829 0.536770
话 -0.213910 0.088816 0.130859 -0.603835 -0.821731 0.402089 0.390000 0.286030 0.071583 0.194455
回 0.062773 0.537255 -0.184498 -0.685350 0.071770 0.033409 0.261459 0.469232 0.630962 0.117788
进展 -0.149022 0.318174 -0.856892 0.540880 0.256764 -0.359260 0.169227 -0.590342 -0.260048 -0.613438
太 -0.128616 1.055111 0.190353 -1.006510 0.204753 -0.040255 0.069572 -0.277296 -0.246901 -0.006800
组成 0.620124 -0.189586 -0.158684 0.376332 0.342480 0.423051 -0.047715 0.188413 0.250276 -0.209648
道 0.233996 0.347555 0.098413 -0.341087 -0.412581 -0.320544 -0.207874 -0.109481 0.423618 0.045835
金 -0.044052 -0.054599 -0.122760 -0.569068 0.448862 -0.219580 -0.593280 0.587077 -0.033758 0.501384
基地 0.529150 -0.193187 -0.216289 0.277316 0.103558 0.695601 0.142153 -0.710890 0.590172 -0.016336
运行 0.273022 -0.099700 -0.272426 -0.006865 0.184867 -0.856667 -0.235929 -0.394137 -0.220799 -0.754393
救灾 0.185254 -0.525584 0.590640 -0.267127 -0.084009 0.134610 -0.149966 -0.125994 -0.088232 0.364674
粮食 0.331563 -0.312086 0.176911 0.393236 0.433729 -0.785663 -0.416489 -0.315810 -0.102309 0.355376
人士 -0.705275 -0.590014 -0.424634 -0.122090 -0.477353 0.156680 -0.173698 -0.168189 -0.457932 0.309181
事件 -0.280749 0.143709 -0.616346 0.383558 -0.602029 -0.024320 0.186807 -0.384634 -0.057367 -0.286037
官兵 -0.344021 -0.059126 0.452941 0.155973 -0.501652 0.614876 -0.322642 -0.189336 -0.550233 0.438243
选择 0.267458 0.068429 0.259479 0.024248 -0.383285 0.025007 0.012070 -0.007123 -0.308481 0.153975
规范 0.361621 -0.201259 0.111201 0.032493 -0.147459 -0.035117 -0.036028 -0.359698 -0.514919 -0.167426
非常 0.019364 0.481749 0.355115 -0.853991 0.146486 -0.343682 0.782053 0.052583 -0.488268 0.103784
保障 -0.193999 -0.074081 0.221476 0.374321 0.484782 -0.546760 0.001798 0.443878 0.000230 -0.763895
小组 -0.078327 -0.263978 -0.540497 0.011443 0.089176 1.072795 0.032163 -0.937765 -0.232548 0.517900
面积 0.749211 0.223796 -0.248035 0.398297 -0.136546 -0.023507 -0.321214 -0.773681 -0.055172 0.390483
早 -0.504408 0.528073 -0.342936 -0.944995 0.182769 -0.409900 -0.286957 0.241022 0.199873 -0.329096
[中共中央 0.177535 -1.139831 0.123150 -0.377220 0.614765 0.264304 0.145030 1.177865 0.149625 0.604407
设计 0.564310 -0.123398 0.005107 0.307569 0.139039 0.259130 -0.158402 -0.294626 0.253276 -0.349090
全省 -0.215783 -0.066139 0.262685 0.368399 0.631544 -0.068039 -0.024523 0.008358 0.437639 0.951430
范围 -0.149899 -0.181636 -0.246627 -0.549464 0.365772 0.065820 0.108396 -0.656725 0.785006 -0.654964
站 0.138540 0.288362 0.060616 -0.261433 0.158743 0.826835 -0.336051 0.062541 -0.081870 -0.146818
形象 0.113587 0.088128 0.076867 -0.297967 -0.366961 0.480938 -0.003730 -0.281137 -0.332147 -0.403136
另 0.324064 0.054675 -0.494466 -0.593704 -0.146206 -0.535899 0.178703 0.010091 0.142206 0.189230
确定 0.218480 -0.314906 -0.226788 0.490241 0.456071 0.179635 0.029566 0.233702 -0.444713 -0.170898
慰问 -0.256851 -0.154384 0.307901 0.022218 0.028182 0.866534 -0.156287 0.258660 -0.127905 0.041911
损失 -0.114786 0.340419 -0.278165 0.091406 -0.174893 -0.363498 -0.632070 -0.395108 -0.268055 -0.501465
省委 -0.455710 -0.931597 0.229853 -0.934869 0.080459 0.260844 0.287819 0.476034 0.004434 0.674817
协议 -0.391362 -0.316207 -0.713178 0.547503 0.057774 0.293916 0.089454 -0.508150 -0.566085 0.159869
多少 0.316285 0.664339 0.309696 -0.529499 0.077724 -0.051742 0.012623 -0.208849 0.183922 0.374786
探索 -0.168837 0.508771 0.080757 0.124977 0.213677 0.564249 0.672483 0.153809 -0.125306 -0.936797
面临 0.419844 0.299474 0.125774 -0.093623 -0.349743 -0.701567 0.560372 0.255649 -0.225870 0.017462
切实 0.075788 -0.186227 0.423567 -0.638555 -0.141732 -0.351031 0.828631 0.196146 -0.918526 -0.462844
拥有 0.556951 0.396635 -0.026833 0.132589 0.099523 -0.687964 0.092442 0.164848 -0.092715 0.347465
[美国 0.070505 -0.477294 0.153131 -0.033981 0.528491 -0.467871 -0.148933 0.707798 -0.092126 0.938022
宏观 0.400193 -0.285961 0.555157 0.733292 0.089343 -0.892136 -0.220941 0.048752 -0.265342 0.364527
朋友 -0.715550 -0.043289 0.105259 -0.236206 -0.532870 0.677472 -0.219519 -0.046537 0.140488 -0.164789
尤其 -0.120541 0.024698 -0.222669 -0.305807 -0.505572 -0.725569 0.350602 -0.133222 -0.706782 0.212690
份 0.471563 -0.261600 0.416050 -0.687478 -0.250374 0.236754 0.414177 0.194925 0.252985 0.122161
相互 0.118480 -0.483728 0.155314 0.313870 -0.298749 -0.545683 0.564829 0.492525 -0.743751 0.037373
改造 0.439510 -0.199361 0.132752 0.350022 0.368756 0.355172 0.181172 -0.600257 0.102306 -0.761232
最高 0.107351 -0.385237 -0.296144 -0.502143 -0.039469 -0.909800 0.037344 0.001249 0.216700 -0.544786
先生 -0.332934 -0.147652 -0.402502 -0.140813 -0.472490 0.682422 -0.376249 0.185005 -0.363769 0.407271
今后 -0.306472 -0.214254 -0.443783 0.286536 0.024745 -0.642900 0.386639 -0.157985 -0.233695 0.793107
快 -0.266542 0.776929 -0.150206 -0.615170 0.614923 -0.414172 -0.153495 0.454858 0.224140 -0.483383
做好 0.247760 -0.067502 0.400803 -0.020607 0.684148 0.356698 0.484122 0.508106 0.011335 -0.570353
韩国 -0.428955 -0.037701 -0.406944 0.027435 0.336150 -0.608243 -0.415401 0.380043 0.256942 0.574528
成员 0.038942 -0.202488 -0.436927 -0.180608 -0.156491 0.541811 -0.368453 -0.445304 -0.382463 0.237994
面对 0.223705 0.487393 0.199925 0.456009 0.120693 0.008084 0.183311 0.549584 0.032864 0.383244
区域 0.179227 -0.007252 0.535439 0.984718 -0.114729 -0.661444 -0.098367 -0.634435 -0.446458 0.684059
股市 -0.427650 -0.166939 -0.206501 0.094084 -0.028058 -0.638517 -0.670436 -0.170547 0.358759 0.116416
[上海 -0.157737 -0.021753 0.280853 -0.216580 0.685244 -0.213123 -0.584793 0.607247 0.557025 0.561606
重 -0.136837 0.503471 0.031589 -0.515826 -0.266201 -0.401850 0.149234 0.468884 0.042375 -0.391110
底 -0.087929 0.028927 -0.951203 0.457565 0.098837 0.051509 0.355802 -0.340744 0.806668 0.268104
近日 0.110231 -0.228004 -0.840260 -0.131384 -0.039094 0.173157 0.343138 0.019909 0.006319 0.718778
专业 0.101821 -0.703384 0.556065 0.150987 0.149620 -0.106286 0.032073 0.074816 0.401553 -0.176973
深化 0.202991 0.004384 0.528723 0.551639 1.098555 -0.198603 0.439015 0.213846 0.212762 -0.244748
坚决 0.194726 -0.067027 0.276954 -0.514452 -0.229991 0.024279 0.267484 0.591862 -1.014597 0.076465
人物 0.067276 -0.191326 0.282817 0.118421 -0.821427 -0.415622 0.318571 -0.173953 0.455736 0.071503
重新 0.566298 -0.164305 -0.358944 -0.723497 0.377644 -0.203884 0.452356 0.148243 -0.449020 -0.259740
丰富 0.034252 0.202508 0.513217 0.275110 0.064225 -0.209912 0.309901 0.312115 0.120500 -0.479371
给予 0.200409 0.062939 -0.087204 -0.136992 0.342449 0.056801 0.340610 0.634700 -0.686716 -0.014753
有人 0.028796 0.117960 -0.285322 -0.826869 -0.422273 0.046610 0.286982 0.383405 -0.365188 0.032505
[人民 0.065099 -0.635576 -0.301634 -0.028718 0.243766 -0.114469 -0.103309 0.536233 -0.491306 1.226675
市民 -0.561779 -0.034238 0.504573 -0.220929 -0.419274 0.025096 -0.271111 -0.161942 -0.147887 0.411369
趋势 -0.065847 0.532905 -0.593491 0.468331 -0.467194 -0.191151 0.189319 -0.852013 0.031611 0.065449
部署 -0.596894 0.071370 0.053657 0.415392 -0.002619 0.719883 0.659422 0.148273 -0.523265 -0.535407
天气 0.266024 0.224370 -0.362378 0.538224 -0.454027 -0.360968 -0.178697 -0.174157 0.148458 0.029345
问 -0.048882 0.893150 -0.239426 -0.277833 0.202625 0.941826 -0.285219 0.374409 -0.220724 0.066973
爱 -0.571103 0.418856 0.490253 -0.541668 -0.066507 0.105505 0.055423 0.520065 0.260853 0.026222
汇率 -0.297988 -0.578386 -0.774831 -0.354736 0.055364 -0.914530 -0.062986 -0.689740 -0.126279 -0.080284
以色列 -0.697198 -0.284410 0.070552 -0.446930 -0.195615 -0.057676 0.284202 0.547244 0.397464 0.302264
股票 0.416430 -0.281408 -0.049780 -0.056890 0.074220 -0.667125 -0.511365 -0.455241 0.101544 -0.109039
外资 -0.060837 -0.207634 -0.414098 0.189511 0.329516 -0.690911 -0.374972 -0.771835 -0.053464 0.303468
顺利 0.128835 0.148399 -0.569227 0.152631 0.404195 -0.387389 1.016009 0.319224 -0.164731 -0.143012
尽管 -0.142165 0.240281 -0.410006 0.248192 -0.171208 -0.121447 0.579077 0.231622 0.173724 0.584485
协调 0.088975 -0.532352 0.047623 0.721913 0.128485 -0.107409 0.264773 0.083732 -0.400789 -0.498604
片 0.248397 -0.035298 0.407092 -0.574175 -0.286344 -0.176967 0.064455 0.307093 0.643220 0.362739
先 0.015225 0.288524 -0.111371 -0.937116 -0.108720 0.351552 0.136383 0.067728 -0.099030 -0.259164
快速 -0.405644 0.362739 0.052671 0.351244 0.994553 -0.915338 -0.330547 -0.281090 -0.463549 -0.273927
套 0.423566 -0.027671 0.489059 -0.481301 -0.098183 -0.205913 0.212459 0.041776 0.407122 0.416709
卫生 -0.320465 -0.439334 0.708604 0.285096 0.395607 0.177697 -0.442398 0.009378 -0.094118 -0.467156
下乡 0.057714 -0.039461 0.909281 -0.168247 0.015953 0.867334 -0.234259 -0.286219 0.011724 0.118149
道路 0.348283 0.363538 0.291174 0.382465 -0.684289 -0.134439 0.063071 -0.329058 0.179889 -0.095980
石 -0.254686 -0.186061 -0.667180 -0.749685 -0.377613 0.491898 -0.116989 0.045215 0.405440 0.201892
知道 -0.439914 0.935933 -0.303528 -0.302967 -0.062385 0.398466 -0.118816 0.530007 -0.496292 -0.155557
区 0.055352 -0.467084 0.106675 0.136507 0.610097 0.487674 -0.023632 -0.595978 0.254297 0.732011
综合 0.470072 -0.282873 0.551901 0.309703 0.117871 -0.472219 -0.204347 0.130116 -0.133924 0.048867
整体 -0.104894 -0.009283 0.509270 -0.173328 0.014255 -0.813224 0.109654 -0.493529 -0.108865 -0.462642
手段 0.342922 -0.176840 0.092243 0.248172 -0.480411 0.537372 0.013431 -0.748278 -0.477927 -0.245035
上午 -0.359242 0.167064 -1.258794 0.122191 -0.024424 0.303519 -0.066029 0.053473 0.320954 0.319588
克林顿 -0.693817 -0.234238 -0.914565 -0.072588 -0.036262 -0.493803 0.320953 0.191645 -0.459531 0.547509
如今 -0.254681 0.466629 -0.417814 0.027573 -0.468811 0.279309 0.224882 0.059914 0.257038 0.432125
正是 -0.167826 0.659429 -0.426268 0.000901 -0.332995 0.442398 0.412178 0.267086 -0.183652 0.459588
妇女 -0.317606 0.112071 0.300306 0.106628 -0.167582 0.004800 -0.746155 -0.292088 -0.181621 0.618175
只要 -0.072396 0.327391 -0.057483 -0.172643 -0.365188 0.145821 0.853987 0.150687 -0.096583 0.644684
深 -0.206072 0.512553 0.381554 -0.267268 0.151592 -0.608120 -0.368896 0.344011 0.088714 -0.050795
方 -0.131737 -0.127202 -0.598950 -0.457266 0.252146 -0.079377 -0.567393 0.073477 -0.584447 0.246505
生命 -0.197067 0.361254 0.579276 -0.373203 -0.230766 -0.125320 -0.325614 -0.176362 0.179865 -0.377597
号 -0.253349 0.051871 -0.224045 0.382437 -0.462118 0.168297 -0.118891 -0.150811 0.693510 0.093438
泰国 -0.134447 -0.304331 -0.095576 0.415090 0.153782 -0.494344 -0.167064 0.276198 0.361725 0.710968
电子 0.191739 -0.238191 0.547675 -0.164339 0.383246 -0.612284 -0.464310 0.238013 0.662923 -0.020353
繁荣 -0.565582 0.126546 0.283915 0.583154 0.405690 -0.769807 0.302583 0.018212 0.078297 -0.495858
民主 -0.340414 -0.782627 0.742529 0.302395 -0.107085 -0.238253 0.570904 0.086093 -0.237789 0.040041
局面 -0.472499 0.480908 -0.522305 0.747957 -0.070513 0.085638 0.212035 -0.824397 -0.288795 0.268100
推广 0.507603 -0.128944 0.477497 0.062014 0.603172 0.282393 -0.078278 0.015020 0.342590 -0.571572
外长 -0.731122 -0.507587 -0.833242 -0.354651 0.181245 -0.210132 -0.423228 0.159258 -0.176304 0.003551
外国 -0.225085 -0.222148 0.429934 -0.345036 0.193652 -0.463224 -0.383812 0.411835 0.333844 0.302796
往 0.298785 0.420121 0.015211 -0.116357 0.456865 0.766801 0.244521 0.524749 0.553110 0.214050
兼并 0.330216 -0.047104 0.297811 -0.103845 0.313037 0.421355 -0.529226 -0.283674 -0.391324 -0.201866
目的 -0.109006 0.161317 0.128139 0.155865 -0.793598 -0.105959 0.248601 -0.305908 -0.475420 0.342078
同胞 -1.160685 -0.324767 -0.188892 0.420096 -0.515448 0.459478 -0.297945 -0.230252 -0.023253 -0.055280
韩 -0.322390 -0.140485 -0.466740 -0.654703 0.080425 -0.495408 -0.175328 0.799617 0.482626 -0.182271
特点 -0.012842 0.019865 -0.059163 0.262116 -0.745398 -0.130540 0.067424 -0.347705 -0.314847 0.069707
温暖 -0.069525 -0.294289 0.843061 -0.509532 -0.151638 0.683107 0.236968 0.093904 0.288261 -0.287082
科研 0.061162 -0.254692 0.636008 0.064257 0.743087 0.250354 -0.299412 -0.298894 0.551471 -0.173081
１日 0.191402 0.345953 -0.656373 0.254011 0.343848 0.936794 -0.357873 -0.157734 0.362579 -0.284708
相当 0.254183 0.798970 0.467864 -0.441838 0.439576 -0.384137 -0.131952 -0.410748 -0.125628 0.089051
那些 -0.097966 0.280584 0.271457 -0.681473 -0.578290 -0.461555 -0.277004 -0.095292 -0.019196 0.377355
是否 -0.039314 0.240764 0.179329 -0.520041 -0.433968 0.046981 0.134724 -0.566000 -0.524806 0.273555
矛盾 -0.564681 0.433420 -0.054591 0.066134 -0.495353 -0.285611 0.243778 -0.650231 -0.205034 -0.450149
一致 -0.875788 0.028714 -0.200972 -0.432446 -0.075584 -0.106030 0.009351 0.043075 -0.757392 -0.683342
机会 -0.367620 0.504875 -0.646344 -0.136453 -0.255926 0.441393 -0.105903 -0.848859 0.173856 -0.534092
东南亚 -0.252676 -0.433595 -0.462308 -0.183299 0.489319 -0.954339 -0.077114 0.201110 0.482068 0.282683
１１月 0.137516 -0.258795 -1.007890 0.232078 -0.069610 -0.271607 -0.022316 0.171505 0.861248 0.654566
厂 0.428642 -0.184574 -0.265812 -0.395333 0.156992 0.297242 -0.371049 -0.678500 0.637302 0.217747
为主 0.495715 -0.012640 -0.559006 0.014431 -0.015998 -0.096444 0.280658 0.170386 -0.012692 -0.814058
股份制 -0.347465 0.055259 0.175240 -0.043452 0.883294 -0.420742 -0.516429 -0.603384 -0.653284 0.123295
天津 -0.269515 0.065514 0.206811 0.042834 0.111931 -0.135816 -0.325526 0.241359 0.370176 0.972596
再次 -0.136080 -0.116292 -0.753658 -0.748341 0.160833 -0.268428 0.572175 0.345598 -0.533234 0.104211
核查 -0.439635 -0.292740 0.460273 0.653691 0.715513 0.652223 0.153709 0.004148 0.296244 -0.129136
分配 0.273436 -0.193640 -0.308329 0.130066 1.140925 -0.127955 -0.462274 -0.509623 -0.654194 -0.544765
南非 -0.670071 -0.243793 -0.233586 0.006233 0.059181 -0.328578 -0.008830 0.610512 0.398804 0.441838
军区 -0.231973 -0.206636 -0.096159 0.457520 -0.170630 0.722482 -0.600661 -0.060755 0.121881 0.463452
常委会 -0.910586 -0.601526 -0.325658 -0.535092 0.719737 1.223525 -0.439776 -0.552510 0.351742 -0.189986
旅客 -0.388093 0.343554 0.190137 -0.172397 -0.189215 -0.343020 -0.583292 -0.490006 0.262537 0.318806
报 -0.288000 -0.097697 -0.079904 -0.182043 -0.052531 0.393027 -0.100713 0.373175 0.625221 -0.373496
乡 -0.318861 0.194478 0.579902 -0.316468 0.399662 0.356676 -0.469922 -0.186424 0.456376 0.616586
上年 -0.548126 0.519864 -0.777281 -0.348661 1.221737 -0.704608 -0.636476 -0.684488 0.183576 0.597425
推出 0.643084 0.157170 -0.533387 -0.256757 0.550313 0.075296 0.120442 0.386102 0.160885 -0.363767
学者 -0.651267 0.032740 -0.585882 -0.082163 -0.133638 0.372613 -0.530606 -0.381533 -0.588832 0.387287
仪式 -0.177319 0.039962 -0.639574 -0.136102 -0.120681 0.889200 -0.235749 -0.725142 0.711693 -0.345739
注意 -0.339138 0.465814 0.311975 -0.247640 0.227714 0.529797 0.240121 0.348463 -0.894623 -0.384042
彭 -0.380359 -0.687028 0.182053 -1.080647 -0.075389 -0.110165 0.201971 0.809584 -0.395867 0.438607
武器 0.136491 -0.427550 -0.408950 0.213301 0.477322 -0.151182 -0.478032 -0.263558 -0.905904 0.537735
消费 -0.165275 0.255215 0.218184 0.018719 -0.209353 -0.273887 -0.412547 -0.793386 -0.016070 -0.292313
电视台 -0.573959 -0.444451 -0.493109 0.174933 -0.076216 0.127868 -0.460636 -0.577061 0.181028 0.841361
符合 0.019578 0.480215 0.337301 0.539961 0.245418 -0.328550 0.012960 0.365217 -0.436222 -0.341843
各界 -1.325223 -0.450147 0.318315 -0.272915 0.052038 -0.008597 0.060557 0.290355 -0.180390 -0.489560
战士 -0.238436 0.060963 0.193810 -0.481581 -0.334553 0.503192 -0.416013 -0.241242 -0.336007 0.617243
灾民 -0.515206 0.141220 0.429368 -0.138381 -0.355645 0.485580 -0.195621 -0.296206 -0.161668 0.871588
车 0.237926 0.259308 0.167978 -0.592331 -0.186261 0.172275 -0.353874 0.004387 0.386461 0.058634
人大 -0.831495 -0.631671 0.225004 -0.397019 0.427129 0.459783 0.104426 -0.486850 0.145183 0.307037
告诉 -0.761461 0.942275 -0.252298 -0.016143 0.549126 0.983528 0.111213 0.588460 0.020637 0.206912
有些 0.262845 -0.098294 0.177486 -0.970698 0.558541 -0.275670 -0.150549 0.513591 0.134718 0.316770
检察院 -0.264175 -0.485183 -0.307480 -0.593725 0.096282 0.389230 -0.473611 -0.455129 -1.004289 -0.215523
