1000 10
<UNK> -0.073680 0.235426 -0.073666 0.070239 0.279402 -0.431241 0.302659 -0.279948 -0.024940 -0.123885
在 -1.494077 -0.084609 0.988142 -0.143032 0.081667 -0.461260 -0.071529 0.316279 -0.107542 0.533071
和 -0.459226 0.168135 0.641775 0.809477 -0.355309 -0.114980 0.252600 -0.315456 -0.276405 1.421221
是 -0.504464 0.483579 0.127553 -0.353481 0.117560 0.586473 -0.267071 0.492491 -1.095275 0.719635
为 0.086456 -0.368499 0.008180 0.216068 0.734377 -0.030261 0.349278 1.685477 -1.161652 0.981489
有 -0.689197 -0.226895 0.146513 0.195013 1.398279 1.315394 0.492777 -0.325938 -1.501996 0.587785
不 -0.584456 0.568896 -0.513733 -0.991266 -1.845589 0.530363 0.450871 -1.042657 -0.840197 -0.928614
上 -1.056556 0.982388 -0.033007 -0.261358 -0.586339 0.117856 -0.172081 -0.342766 0.027633 0.441084
对 -0.601525 -0.577967 0.309728 0.020895 -0.218020 -0.092765 0.302107 0.964131 0.216579 1.434350
中 -0.968958 0.910811 -0.686721 -0.701221 -0.897709 0.251503 -0.049742 0.115845 0.461441 1.103763
发展 -0.102444 -0.688119 -0.387876 0.252996 -0.614268 0.368763 -0.707160 -0.250373 -0.483748 -0.680442
这 0.218565 -0.409156 -0.365556 -1.081257 1.110477 -0.231735 -0.053234 -1.519078 -1.431088 -0.723863
要 -0.364844 1.370448 0.570094 -1.078941 -0.287818 0.857304 0.096611 1.162356 0.389676 0.160656
与 -1.231856 0.070217 0.406907 0.858116 -0.727775 -0.042239 0.279598 0.249418 0.106493 1.488806
到 -1.650198 -0.298058 -0.050090 0.423198 0.733383 0.072708 0.205499 -0.308055 -0.715586 0.590267
他 0.259959 1.719402 0.077655 -0.875013 0.895785 -0.291012 -0.673390 -0.588529 0.228112 -0.174734
也 0.677036 1.005292 -1.088001 -1.227797 -0.006749 0.221479 0.155079 0.109294 -0.080561 -0.469745
人 0.312002 0.967525 -0.808616 -0.512669 0.211046 0.254375 0.834798 -0.573537 0.175406 0.097162
经济 0.580129 -0.725415 0.469265 0.456367 -1.035021 0.917309 0.466642 0.036857 0.889001 -0.350590
个 -0.569053 -1.130195 -1.034612 0.323056 -0.217378 0.057233 0.255267 -1.506933 -0.825347 0.602730
就 0.287067 0.355372 -0.672724 -1.594310 -0.317859 0.157486 0.021831 -0.061356 -1.210876 -0.305911
说 -0.910988 0.386297 -0.575999 -0.533529 1.177182 0.512212 -1.028179 0.364998 -0.693678 0.024328
年 -2.116169 0.278184 -1.447227 0.503566 0.183501 0.548826 0.408594 0.061642 1.437976 -0.440590
工作 1.006468 -0.398693 0.660277 -0.885361 0.680796 0.474712 -0.973995 -0.241550 -0.148612 -0.764502
中国 0.387394 -0.763115 -0.021185 0.196021 -1.005710 -0.969983 -0.538689 0.122523 -0.452887 1.108234
将 0.425047 0.378879 -0.698631 -0.560150 -0.704254 -0.063037 0.511570 1.560391 -0.464559 0.378581
以 -0.675061 0.523810 1.201114 0.976967 0.405847 0.618865 1.236097 1.062411 -0.227694 0.385779
企业 0.284208 0.038952 -0.453232 0.615513 0.147693 0.808997 0.750645 0.674170 1.321742 0.175883
新 -0.313222 -0.537240 1.619589 0.971314 0.383348 0.622155 -0.271471 -1.374038 -0.539192 -0.450703
大 -0.809936 -0.519966 0.111648 1.562723 0.373978 0.205118 0.975653 -1.334139 -0.551682 -0.776822
记者 -0.568167 2.400837 -0.499518 -0.427191 1.014125 -1.407195 1.467906 0.061624 0.535265 0.047660
从 -1.905531 0.095118 0.568362 0.705301 -0.272025 -0.030394 -0.595265 -0.320961 -0.863114 0.203974
我们 0.018862 0.755654 -0.167875 -1.859422 0.355504 0.993055 -0.664972 -0.167058 0.310778 0.739997
都 0.681918 1.371351 -0.171042 -1.419226 -0.482559 0.476871 0.056805 -0.062439 -0.640325 -0.113304
我 0.279526 1.769868 -0.492291 -1.334241 1.486112 0.186191 0.377212 -0.942968 0.079223 0.322292
１月 -1.683398 1.346931 -0.261770 1.106341 -0.652349 -1.200725 -0.491336 -1.009281 -1.676102 1.044495
建设 0.961692 -1.304487 -0.267929 -0.580620 -0.489602 0.572122 -0.574114 0.281519 -0.430582 -0.500200
国家 0.183717 -0.306990 -0.037122 0.648292 -0.267819 -0.374434 -0.712270 0.421232 0.883680 0.265582
问题 -0.226687 0.528354 -0.303495 -0.528533 0.142468 0.022792 -0.648756 0.418870 0.282026 -1.508447
市场 -0.246372 -0.392542 0.985141 -0.230504 -0.073089 0.166119 0.906049 0.175479 0.520482 -1.034879
已 1.028367 0.887835 -0.333416 -0.853643 -1.123781 -0.487084 0.685233 0.861175 -1.215832 0.069536
来 -1.759819 0.528279 0.631195 -0.638184 -0.045557 0.340364 0.102156 -0.062895 0.745934 0.220018
并 0.895986 1.312895 -0.265841 -1.285445 -0.707054 -0.658714 0.062880 0.622086 1.043202 -0.367934
还 0.640633 1.191331 -0.784793 -1.140876 -0.836650 -0.301569 0.180357 -0.056815 0.045976 0.096684
把 -0.243576 -0.036632 0.813428 -0.839025 0.514148 0.696020 0.535435 1.047201 0.021297 1.411501
元 -0.074961 0.912404 -1.181329 0.977842 0.741276 -0.109599 0.915208 1.483305 0.051332 -0.025396
而 -0.593879 0.886688 -1.011324 -0.721171 -0.286556 0.699298 0.951997 1.407829 1.024924 -0.074222
本报 -0.766790 -0.588583 1.074620 0.550350 -0.356549 -1.887243 -0.444768 0.278897 -1.440182 -0.506153
能 0.099763 1.605706 0.896971 -0.519890 -0.575666 0.767758 0.907233 0.866003 -0.577886 0.022794
后 -0.579598 0.791582 -0.669662 -0.784041 -0.044447 -0.223520 -0.252245 0.447268 0.246040 0.258831
人民 1.179426 0.156558 -0.355586 -0.881168 -1.013979 -0.044014 -0.664118 -0.816031 0.145343 1.834997
他们 0.418984 0.974563 0.024598 -1.114895 0.114836 0.068942 0.138032 -0.312925 0.480795 0.411937
向 -1.126969 -0.525854 0.385466 -0.069444 1.245424 -0.792018 0.484921 0.518571 0.276692 1.615619
了 -0.766626 0.583937 -0.945952 -0.489356 1.859371 0.221953 0.070946 -0.273404 0.042832 -0.032767
进行 -0.441243 0.564585 1.956995 0.194358 -0.035575 -0.104999 0.140093 -0.290774 -0.031721 0.955108
使 -0.856299 -1.001495 -0.480080 -0.358068 0.657445 0.575579 0.200294 1.336963 -0.132474 1.096932
又 0.473886 1.110947 -0.165080 -1.290843 -0.236350 0.077975 0.751990 -0.052177 -0.600291 -0.162543
多 -1.303040 -1.081048 -0.180262 -1.193133 -0.071585 0.803299 1.136936 -1.527768 -0.218319 -0.212494
好 0.350195 -0.149228 0.783195 -0.239207 1.241648 1.167327 0.549093 -0.463823 0.104241 0.331404
下 -0.985704 0.058798 0.463492 -0.900617 -0.451243 0.049655 0.202635 0.252194 0.055206 0.080349
李 -1.134823 0.836083 0.182583 0.625003 1.129157 -0.989470 0.030213 -2.365601 -0.070053 0.498679
全国 0.188002 -1.840962 0.041678 -0.142827 0.075870 -0.879601 0.248118 0.481037 0.031971 1.514833
改革 0.248642 -0.095303 0.862641 0.407993 0.054009 0.887317 -0.644436 0.397164 0.427676 -1.718042
出 -0.401328 0.027478 0.443288 0.100574 0.789734 0.289476 0.770126 -0.442656 -1.354340 0.302357
电 -0.267196 0.162178 0.095787 0.572609 0.036243 -1.888340 0.131063 1.575857 -1.233395 0.246499
张 -0.463098 1.477606 0.378604 1.098120 0.185332 -0.484502 0.797281 -1.365938 -0.598530 0.189351
政府 0.921177 0.481976 -0.318253 0.300946 -0.241975 -0.338481 -0.584313 0.550215 1.269236 0.197475
于 -1.016520 0.048157 0.376788 0.113788 0.029810 -0.446392 -0.801603 -0.038724 -1.356783 0.231375
但 -0.602780 0.236494 -0.846944 -1.061854 0.886949 0.868719 0.130949 0.652756 1.166894 0.061209
社会 -0.527088 -0.680079 0.783948 -0.205391 -1.467745 -0.110399 0.264280 -0.721473 0.891108 -0.168780
我国 -0.031654 -1.374837 -0.298971 0.283612 -0.380371 -0.359429 -0.441191 0.333682 -0.457098 0.643335
地区 0.166773 -0.840851 -0.564449 -0.143795 -0.784636 -0.252227 0.311621 0.679069 0.870819 0.761533
新华社 -0.725077 -0.000082 2.095890 0.343204 -0.537876 -1.537645 -0.198567 0.211349 -2.766905 -0.267513
时 -1.261980 1.396842 -0.598916 -1.004154 0.280055 -0.095917 -0.593896 0.121574 0.407383 0.415377
由 -1.306486 0.402949 0.204546 1.547045 0.744810 -0.633406 0.258972 0.760066 -0.615561 0.574416
公司 0.418350 -0.212055 -0.276955 -0.225100 0.073113 -0.667323 0.680761 1.001799 0.834257 0.413054
领导 1.572322 0.157573 -0.116952 -0.032838 1.666155 0.050170 -0.737707 -0.642653 1.714750 0.068490
管理 1.314693 -0.189473 0.607214 0.236467 0.361023 0.873453 0.054661 -0.426445 0.572054 -0.352484
世界 -1.047835 -1.305678 0.240941 -0.145748 -1.776542 -0.852642 0.359215 -0.067252 -0.088872 0.041390
次 0.182371 1.082026 1.774021 -0.733537 0.308039 -0.712180 0.380519 -0.143219 -0.333791 -0.305255
更 0.129988 0.714971 -1.120589 -0.689967 -1.625170 2.147469 0.252883 0.201469 -0.354298 -0.156679
最 -0.832383 -0.042046 -1.347525 -0.489350 -1.996673 1.370396 0.735141 -0.694959 -0.331589 1.184456
关系 -0.681392 -0.152485 0.183250 -0.544677 -0.231171 0.831470 -0.809781 0.413301 0.710892 -1.257597
活动 0.374337 -0.637701 -0.088988 -1.052254 0.350328 -0.343620 -0.312053 0.251978 0.734513 -0.460511
高 0.397652 -0.403725 0.637270 0.510416 -0.240987 -0.205406 2.640532 -0.135475 -1.505098 -0.331767
美国 -0.175688 -0.471115 -0.556627 0.711245 -1.018715 -0.997251 -0.884622 0.314223 0.094631 0.544306
王 -0.926700 1.179362 -0.348741 1.129044 0.988634 -0.809123 0.548667 -1.728228 -1.386660 0.629823
北京 -0.757685 -0.609868 -0.629244 -0.607715 -0.589487 -1.928047 0.640091 -0.194707 -0.765920 0.326871
据 -0.765777 0.583401 1.388440 -0.179292 -0.336264 -1.834808 0.196015 1.873479 1.177955 0.326564
群众 0.391773 0.576193 0.304182 -1.085115 -0.750526 0.733702 0.367752 -0.903178 0.698343 1.080729
名 0.583652 0.219928 -0.814877 0.651919 1.126915 -0.216481 0.279896 -0.016582 -1.080644 1.674811
重要 0.676630 0.627940 0.177926 0.872507 -0.920559 -0.079560 -0.756340 -1.820581 -0.789362 -0.672695
被 -1.074937 1.403842 0.578346 0.290123 -0.240137 -0.270831 1.541433 -0.247096 0.247945 1.772825
副 -0.132172 -0.025613 -0.260882 0.714171 1.909864 -1.963067 0.158299 -0.917764 0.408343 1.198532
[中国 -0.082734 -0.769476 0.741985 1.842048 -0.220165 -0.913828 -0.098457 0.118386 -0.930387 1.226083
起 -1.127380 1.353495 -1.009916 0.750615 0.503490 1.256385 -0.128374 0.655804 -0.901498 0.416065
提高 0.317528 -1.487394 -0.023795 0.492082 0.253399 0.988972 0.308047 0.625259 -0.206626 0.623593
技术 1.660414 0.217601 1.166687 0.409892 -0.097819 0.013315 0.796901 0.089561 -0.093503 0.050321
自己 0.027259 0.581851 0.220479 -0.019716 -0.008563 0.477951 0.269146 -1.146697 0.148000 0.360642
没有 -0.490775 1.035851 0.243273 -0.827924 -0.760849 0.592116 1.249009 -0.416049 -0.609908 1.223923
干部 1.633895 -0.143403 -1.177450 -0.793018 0.778544 0.979608 0.275684 0.192074 0.319105 0.660428
部门 0.959855 0.455308 -0.417597 -0.330204 0.242089 -0.040052 -0.113416 0.500481 1.523822 0.495667
很 0.060487 0.456847 -0.718076 -1.575749 -1.360333 1.856156 1.049196 0.562876 -1.152075 0.255303
给 -0.737988 -0.121624 -0.107560 -0.324096 0.987611 0.130540 0.911074 0.418998 -0.527249 1.629375
职工 0.391427 0.196789 -0.244750 -0.968446 -0.380285 0.042264 1.280466 -0.368414 0.674914 1.317590
国际 -1.047655 -1.042657 0.992450 0.725972 -1.075382 -1.113754 1.124813 -0.357458 0.765632 0.041330
里 -0.711953 1.149791 -0.234359 -0.471108 -0.193105 -0.040386 0.443658 -0.098704 0.087410 0.617592
文化 1.046553 -1.261750 -0.158711 -0.102577 -1.322082 -0.520730 0.594901 -0.928381 -0.188475 0.485175
会 -0.118144 1.710491 -0.744520 -0.869004 -0.556288 0.553137 0.676444 1.604504 -0.556076 -0.224666
生产 0.491017 -0.806416 -0.206481 0.300114 -0.049368 0.937565 1.372731 0.021952 0.452992 -0.147405
同志 0.563754 1.415391 -1.008829 -0.494086 1.133664 -1.254015 -0.178120 -0.835036 0.705796 -0.668362
去年 -1.323167 -0.242782 -1.199895 0.418245 -0.543356 -0.721837 -0.587619 0.179473 -0.698332 -0.108822
金融 -0.082195 -0.997795 1.821627 0.742162 -0.094474 -0.179663 0.013625 -0.613751 1.279038 -0.427209
今天 -0.434778 0.401695 -0.649329 -2.155733 0.090525 -1.460770 -0.620434 1.139192 -0.265172 0.184477
种 -0.050884 0.788659 0.342946 0.685353 -0.535298 0.375550 0.797568 -1.295889 -0.742351 0.300533
加强 0.135933 -0.416102 0.838137 0.716675 -0.107618 0.345729 -0.918742 0.651285 0.620377 1.253891
位 0.103330 0.461245 -0.529949 0.364721 1.555730 -0.421646 0.083106 -0.519733 -0.681743 1.211881
家 -0.376839 -0.051071 -1.629919 1.369737 0.509241 -0.304141 0.343625 -0.361671 0.060728 -0.158504
会议 0.165415 0.118306 -0.268355 -0.257254 0.156173 -1.914278 -1.219718 0.169371 0.221048 -1.302551
组织 1.114151 -0.440638 0.023119 -0.567972 0.582885 -0.211759 0.188730 0.056683 -0.061872 0.566777
们 0.553411 1.229319 -0.005024 -0.891913 0.208996 -0.003606 0.246659 -1.002182 0.135684 0.627384
其 0.137697 1.166413 0.096484 0.729830 -0.852957 -0.037936 0.055313 -0.747276 -0.914161 0.574680
方面 0.675173 0.223883 -0.584164 -0.387056 -0.892949 0.433029 -0.765382 -0.251849 0.723566 -0.233299
国 0.221680 0.222220 -0.866983 1.004325 -1.153105 -0.939584 -0.529851 0.708294 1.085950 0.276508
党 1.962080 -0.662579 -0.137992 0.796738 -0.185248 -0.143167 -1.517897 0.844109 -0.321043 0.147685
有关 0.273820 0.086620 -0.317135 1.431759 0.116435 0.093806 -0.552162 -1.451582 1.092396 0.004313
生活 0.702457 -0.418581 0.484702 -1.023775 -0.103139 1.354218 0.566158 -0.947495 0.512493 -1.034141
产品 0.317545 -0.420104 0.306735 0.133505 -0.194205 0.093588 1.723012 0.669085 0.512231 -0.257435
人员 1.021178 0.558579 -0.943002 -0.417464 0.238888 -0.220401 1.103476 -0.037839 0.451923 0.127372
用 -1.910287 0.684926 1.020977 -0.033506 0.784379 1.503362 1.257957 -0.206064 -0.135510 0.398320
研究 0.977124 -0.645937 1.309778 -0.169654 0.463784 0.123453 -0.091281 -0.089262 -0.273996 -1.280549
１９９７年 -0.674550 -0.563055 -1.496401 0.356305 -0.203854 -0.291626 -0.928024 0.583940 -0.983779 -0.043623
报道 -0.727952 0.267271 0.262025 -0.406232 0.309008 -1.265435 -1.038772 1.047740 -0.785965 0.366615
前 -0.642998 0.038005 -0.398678 -1.373081 1.294195 -0.904593 -0.266456 -0.271552 -1.156674 0.225435
刘 0.290980 1.028525 0.535626 1.205712 1.161317 -0.637190 0.863703 -2.392288 0.140859 1.153602
主要 1.586573 0.428828 -0.608523 0.523085 -0.731142 -0.186461 -0.367224 -1.406144 -1.393692 -0.124964
增长 -0.220664 -0.993020 -0.388453 0.467068 -0.364713 0.434672 0.078850 0.881157 -0.868427 -1.741888
服务 0.906755 -0.416099 0.707100 -0.151946 0.889100 -0.588817 0.824107 0.145572 0.401873 -0.822783
合作 0.048765 -0.290825 -0.069405 0.230177 -0.624980 -0.336919 -0.727051 0.012418 1.076892 -0.661250
通过 -0.529354 0.224550 1.458875 0.756231 0.154472 -0.101779 -0.201983 0.434044 0.100340 0.230844
科技 1.546283 -0.925756 1.326165 0.476739 -0.476933 -0.001745 0.021398 -0.364577 -0.459674 0.054109
社会主义 0.748754 -1.362045 0.083047 0.043762 -0.965739 1.492077 -0.989201 -0.980977 0.034149 0.872422
解决 -0.956295 -1.084432 -0.830280 -0.520503 0.085192 1.940896 -0.291319 -0.502951 0.106714 1.025737
工程 0.767750 -0.946388 -0.034760 -0.573734 -0.051028 -0.379143 0.627498 0.901971 0.370581 -0.441026
农业 1.562571 -1.238690 -0.645747 0.872594 -0.785736 0.571551 0.725909 0.335303 -0.345020 -0.203806
要求 0.111874 0.406537 -0.187957 -0.198840 0.727428 0.700337 -0.642449 1.021869 0.856937 0.303938
表示 0.238146 1.364978 -1.129587 -0.177145 0.635776 0.404245 -1.562246 0.229751 -0.664704 1.361704
可以 -0.201720 2.351792 0.659528 0.043894 -0.467423 0.233880 0.069783 0.533482 -0.682698 -0.508201
讯 -0.159511 -0.157914 0.804645 0.205576 0.094251 -1.761537 0.902222 1.872738 -1.092743 -0.140126
目前 -1.326480 -0.951095 -0.541952 -0.575892 -0.327153 -0.148764 -0.606046 0.497675 0.360923 0.313687
实现 -0.406745 -0.485470 0.050629 1.464202 -0.769825 0.409566 -0.138359 1.192728 -1.408356 0.494460
各 0.595482 -0.361820 -2.310634 1.431643 -0.732835 0.110614 -0.514294 -1.410589 0.095639 0.750521
精神 0.769065 0.086786 0.766951 -0.519939 -0.261488 0.084874 -0.495453 0.699573 -0.109021 -0.125193
历史 -0.717135 -0.394859 0.930419 -0.239343 -1.119362 -0.550354 -0.541926 -1.236065 -0.443024 -1.460291
同时 -0.418549 0.604106 0.001036 -1.636922 -0.339854 0.132297 -0.829984 0.847086 1.591287 0.136159
及 -0.706428 0.320493 0.395510 0.806283 0.050006 -0.189820 0.009635 -0.404630 -0.008006 1.226896
银行 -0.092038 0.236875 -0.128274 0.527583 0.455165 -0.546040 0.523516 0.991004 1.552280 0.000871
教育 1.350323 -0.738107 -0.181206 -0.170598 -0.204930 0.160372 0.088145 -0.241189 -0.190493 0.282580
或 0.331880 1.484866 0.049671 0.857714 0.159156 0.425253 0.643106 -0.755404 -0.064739 0.926364
农村 0.165050 -1.894824 0.392015 0.084158 -0.278719 -0.038308 -0.061514 0.373402 0.804763 0.998389
成为 -1.266976 -0.272304 0.073170 0.007111 0.068052 0.312517 -0.305954 0.692036 -1.081092 1.591219
政策 0.755588 0.592961 0.001422 0.409378 -0.221234 0.290422 -0.500858 0.565139 0.558430 -0.588839
它 0.501221 0.571433 -0.256916 -0.829105 -0.133750 -0.001644 0.184655 -0.486131 -0.090367 -0.513645
举行 -0.046106 0.583415 1.182186 -0.562446 0.086557 -1.477904 -0.531268 0.606957 -0.827922 1.294643
达 -0.869327 -0.668651 -1.334323 0.631955 1.152569 0.165387 1.733056 0.467981 -1.941187 -0.304457
认为 -1.069842 -0.088762 -0.345587 -0.552503 0.673669 1.054882 -1.079952 0.734269 -0.498165 0.195843
这些 -0.164532 -0.775011 -0.398020 0.504959 0.822649 0.335078 -0.155103 -1.586613 -0.278291 -0.131273
条 -0.053872 1.231717 -0.003704 1.576560 0.541140 0.228139 -0.575489 -0.706172 -0.835592 -0.781289
美元 -0.437729 -0.012137 -0.931517 0.735868 -0.223739 -0.321926 0.562834 1.488210 0.023476 -0.490373
她 0.183170 1.573086 -0.037368 -0.834404 1.076678 -0.257418 0.028782 -0.958956 0.089602 -0.123838
主席 -0.783530 2.218454 0.335909 1.008583 0.269322 -1.138858 -0.099048 0.157162 -0.238626 -0.206371
可 -0.165214 1.255017 -0.110095 -0.579505 -0.411963 -0.186419 1.866984 1.576723 -0.179336 -0.086956
这个 -0.822303 -0.938064 0.120193 0.116625 0.398988 0.015669 -0.202580 -2.108299 0.149365 0.209348
水平 0.436001 -0.099935 -0.564651 -0.244880 -0.019095 0.865362 0.434294 0.866949 -0.195195 -0.762579
农民 0.705763 0.480587 -0.810562 -0.080347 -0.483971 0.166506 0.761908 -0.944490 0.574618 0.744116
图片 -0.838203 -2.293403 1.155835 0.017143 -0.836953 -2.104227 -1.449393 0.038750 0.092783 -1.712927
单位 0.859957 -0.091825 -0.889904 -0.085427 0.293863 -0.294944 0.328385 0.237341 1.580151 0.345264
同 -1.098837 0.237503 0.255235 0.159696 -0.459087 -0.478582 -0.349803 0.490658 0.304434 1.753278
情况 0.068776 0.970398 -0.230347 -0.135234 1.036322 1.160668 -0.322015 -0.283233 1.542224 -1.425511
陈 -0.302810 1.643476 0.990956 0.702597 0.978356 -1.265279 1.321537 -1.498006 -1.324705 1.242354
建立 0.347243 -0.882122 -0.243430 0.507627 -0.463830 0.981166 -0.501609 0.943269 -1.855795 -0.047443
再 -0.523998 0.845120 0.566485 -1.295869 -1.290872 1.204365 2.346946 0.342096 1.132020 0.146789
只 0.159696 1.379813 -1.866565 -1.349994 -0.706487 -0.070077 0.905033 -0.786405 -1.367808 0.553031
看 -0.989969 -0.054776 -0.802977 -0.565559 0.746760 0.534428 -0.077526 -0.053586 -0.552495 0.095542
江 1.258476 -0.351922 1.707250 1.050389 -0.481003 -0.867900 -0.553709 0.983619 1.450061 0.035566
积极 0.293943 0.801257 0.812579 0.130674 -1.392709 1.344964 -1.068069 -0.139594 1.145903 -0.361481
应 -0.147567 1.872768 -0.160077 -0.257971 -0.982992 0.245092 -0.996037 1.584702 -0.064831 0.113316
提出 -0.302299 0.419842 0.703500 -0.501690 0.578808 1.010518 -1.526327 0.188677 -0.573092 -0.052649
天 -1.704222 0.453220 -1.186746 -0.318801 0.219880 -0.872607 0.463742 0.006883 0.672794 -0.331230
去 -1.184604 0.994071 0.920480 -0.532554 0.140719 0.222501 0.958156 -0.517336 0.564440 0.541001
人们 0.842477 0.976416 0.028630 -1.387691 -0.061919 0.872140 -0.162693 -1.310004 0.271352 0.857067
钱 -1.342665 0.279052 -0.862752 -0.982516 0.947159 -0.514036 0.192340 -1.670943 0.888510 -1.016341
取得 -0.307672 0.026291 0.818596 0.405070 -0.298660 2.257710 -0.186794 -0.471515 -1.471709 -0.212594
小 -1.362489 0.330771 -0.563155 1.047047 0.935843 -0.183380 1.658747 -1.475131 -0.100980 -0.270531
投资 0.668242 -1.156848 -0.927180 0.518894 0.267503 -0.388083 1.018102 0.494755 0.565452 -1.502177
项 0.740073 0.034122 -0.515090 0.163745 -0.185707 0.397552 -1.248033 -0.950043 -1.026419 1.096140
进一步 -0.434574 1.079365 1.226810 0.536600 -0.666431 1.332358 -0.269978 1.092386 0.383748 -0.266176
民族 0.995503 -1.200395 0.356328 0.747355 -0.400036 0.280863 -0.355527 -1.397204 -0.288165 1.292790
你 -0.280429 1.469764 -0.336774 -1.414371 0.991603 0.234224 0.088216 -0.742187 -0.240068 -0.101792
继续 -0.488225 1.117681 0.532198 -0.060569 -1.029045 0.409493 -0.732167 1.190584 0.839810 -0.086967
近 -1.694802 -1.392640 -0.891465 -0.777996 1.383694 0.842301 0.722175 -0.618757 -1.882681 -0.121779
走 -1.046840 0.196367 0.977151 -0.912519 -0.259317 -0.317386 1.769750 0.979626 -0.542300 -1.755642
今年 -0.694859 -1.295874 -0.812470 -0.928881 -0.284463 -0.788758 -1.151076 0.186783 -1.052650 -0.040308
至 -2.096744 -0.357161 -0.248464 0.482441 1.306373 -0.231811 -0.352896 -0.552886 -1.627643 -0.140243
周 -1.106080 1.482153 0.376483 -0.070971 1.545024 -0.488947 -0.022485 -1.146277 1.285037 1.947481
必须 0.381606 1.354615 0.520058 -0.673332 -0.330523 1.087599 -0.791845 0.697468 0.018060 -0.046491
产业 0.967350 -0.475233 0.052150 1.042526 -0.671580 0.629574 0.477661 0.781825 0.585822 -0.321864
基础 0.611875 -0.610886 -0.330834 0.626975 -1.028218 -1.269231 -0.285861 0.052666 -0.216070 -1.809455
作为 -0.292331 0.114269 0.768296 0.163204 0.372863 0.312160 -0.087989 0.493414 -1.491894 1.249153
参加 -0.385666 -0.394979 1.275510 -0.658927 0.534615 -0.645471 -0.591774 -0.021190 -0.237358 1.011671
开始 -0.640313 0.673096 0.819330 -0.757178 -0.336982 -0.616334 0.165956 0.756511 0.141286 -0.482024
稳定 -0.072865 -0.264793 -0.191472 1.146327 -0.827297 0.417441 -0.546974 0.828078 0.264889 -0.309606
做 -0.937417 0.725088 -0.570682 -0.678786 0.289764 1.188746 -0.685158 -1.177305 -1.277025 -0.018965
影响 -0.955185 -0.447359 -0.534441 0.399635 -0.039146 0.379819 -0.272625 0.610758 0.336927 -0.001043
此 -0.378414 0.449240 -0.012238 -0.313953 0.412841 0.383371 -1.302268 -0.720845 0.616143 -0.175331
制度 0.231985 -0.357319 0.336844 -0.145874 0.248824 0.883552 -0.064986 0.819243 0.967084 -0.160262
经营 0.244249 -0.061487 0.412610 0.432840 0.333881 0.767574 0.873751 -0.830331 0.989892 -1.105815
困难 0.976049 -0.357432 -2.023153 0.524722 0.972154 0.701991 -0.138242 0.166729 0.169810 -0.464294
需要 -0.420148 0.616834 0.581312 -0.696775 0.059414 0.647244 -0.372441 0.207607 0.519855 0.218177
政治 0.738293 -0.904756 0.899388 0.739288 -1.143482 -0.086372 -1.088078 -0.844755 0.687476 -0.291083
开展 0.567872 -0.287336 2.023544 -0.656945 0.365276 0.260650 0.302496 -0.124285 -0.240511 1.330433
特别 0.932376 0.575893 -0.523295 -1.254845 -1.011809 -0.853694 -0.481736 -1.487383 -1.244721 -1.570609
内 -0.146328 0.460153 -0.072008 -0.319320 -0.824694 -0.177615 0.580195 0.400289 0.296722 0.483976
女 -0.554038 1.105435 -0.716646 0.996643 1.289016 -1.801269 1.654073 0.103152 -0.514105 0.499877
让 -1.079652 -0.516556 -1.284588 -0.657413 1.089643 -0.130758 0.404526 0.394441 -0.105324 2.033974
才 -0.337680 0.346746 -1.023849 -2.890934 -1.605109 -0.014769 0.460839 -0.171644 -0.586948 -0.348322
集团 0.609372 -0.273990 -0.488125 0.373097 0.249947 -1.009400 0.615398 1.310045 0.609023 -0.094695
努力 0.168859 0.387904 0.950405 -0.302285 0.286188 0.572510 0.103805 1.167843 -0.305934 -0.939544
提供 -0.396315 0.041599 1.123848 0.763745 -0.628399 1.270682 1.473061 -0.004208 -0.981657 0.282888
坚持 0.309802 -0.086138 0.984257 -0.215870 -0.240966 0.283386 -1.082655 1.177701 -0.603230 0.449515
作用 0.197266 0.345965 -0.584730 0.157902 0.257820 0.407507 -0.453966 0.750016 0.376219 -0.491907
资金 0.871759 0.159309 -0.766682 0.312132 0.494566 0.147914 1.491180 1.079671 0.289745 -0.245982
价格 0.991266 0.266169 -0.111553 0.049647 -1.043330 0.690803 1.157310 -0.561538 0.612415 -0.961688
希望 -0.078892 -0.507977 -0.301925 -0.978348 0.344187 -0.261986 -0.578423 2.204275 -0.014233 0.687577
项目 0.358752 -0.384220 -0.591508 -0.259354 0.149755 -0.183502 0.608754 0.676972 0.427243 -0.326615
指出 -0.649069 -0.049445 -0.261378 -0.527067 0.485934 0.687267 -1.521248 0.880001 -0.803372 0.295140
比 -2.260463 0.452850 0.689449 0.701843 0.062091 0.267366 0.624411 1.379183 -0.338953 -1.158847
却 0.782079 1.369186 -1.240667 -1.328267 0.398584 0.288858 1.067512 -0.101501 0.110218 -0.615095
较 -1.036254 -0.071938 -0.787804 -0.624568 -2.143745 1.246607 1.075902 1.224068 -0.725158 0.064348
结构 1.563919 0.531798 -0.316910 0.896245 -0.660864 1.663390 0.431419 0.215553 0.797636 -0.643954
这种 0.002628 0.361484 0.695031 0.578848 -0.024120 0.915883 0.554893 -1.191028 -0.146603 -0.379420
送 -2.195017 0.085114 -0.424737 -2.899205 -0.413604 0.083029 1.743775 1.009879 0.648900 -0.306781
开发 0.929129 -0.898714 0.273037 0.515034 0.419333 0.002989 0.685897 -0.073139 -0.419003 -0.919056
由于 -1.029528 -0.141076 -0.222053 0.660079 -0.080089 0.511626 0.418322 0.246777 0.227420 0.628274
艺术 0.760146 0.232593 1.434059 -0.360510 -0.402596 -0.490159 0.623443 -1.009298 -1.086585 -0.069587
总理 -0.187480 2.006945 -0.831787 0.235527 0.444022 -1.228436 -1.072372 -0.459975 -0.306903 0.728374
体育 0.898812 -1.793505 0.435919 0.153856 -0.528951 -1.253870 0.579406 -0.699914 -0.082168 0.019597
基本 0.862173 0.608505 1.232918 1.064276 -2.145343 -0.068853 -0.554624 -0.438350 -0.985872 -0.901680
这样 -0.347225 0.211717 0.265757 -0.615767 0.719401 0.527159 -0.188901 -1.493866 -0.499448 0.217048
成 -0.777025 0.145168 0.110483 0.414486 0.488401 -0.329662 1.073907 -0.829867 -1.070576 0.661360
届 -0.567984 -0.921009 0.992556 0.636451 2.621617 -1.196384 -0.620466 0.085641 -1.296407 0.932255
事业 -0.418984 -0.405635 0.052154 -0.718133 -0.961886 1.796110 -0.672313 -0.222488 1.184274 -0.227320
已经 -0.207722 0.712568 -0.029442 -2.267274 -1.199280 -0.567761 0.382541 0.711729 -1.003868 -0.219124
思想 1.802777 0.017871 0.365388 -0.297421 -1.056115 0.234636 -0.623412 0.355245 0.214358 -0.071478
和平 -0.144998 -0.138907 0.548507 0.040531 -1.975774 -0.698897 -1.687066 0.646484 0.255044 -1.068807
支持 0.093617 -0.037021 -0.545603 0.909687 0.827040 0.449203 -0.594928 1.228814 0.484111 0.493404
共同 -0.998442 0.906372 1.399796 0.649917 -1.234257 0.465385 -0.772825 -0.800619 1.230674 0.309475
全面 0.444294 0.544254 1.969188 0.086994 -1.177459 0.582138 0.744180 0.757568 -0.078931 0.750451
总统 -0.326203 0.979830 -0.182700 0.489104 -0.220543 -1.415130 -1.631845 -0.597942 -0.346421 0.391067
那 -0.471215 0.391476 -0.525428 -0.778807 2.020832 -0.375606 0.290570 -1.570671 -1.273080 -0.233524
当 -0.970856 0.218127 -0.235100 -0.874917 1.007687 -0.442583 0.414247 0.330825 -0.489040 0.824558
地方 0.343121 -0.178636 -1.584411 0.990542 0.085242 0.026015 -0.915827 -0.319506 0.462627 0.386791
以及 -0.453432 0.394894 0.210849 0.400206 0.170679 -0.219172 -0.327926 0.139714 -0.044454 1.181831
决定 0.568757 0.687326 -0.178998 -0.122031 0.206264 -0.125689 -0.375649 1.739551 0.371619 0.422058
泽民 0.817999 1.802529 -0.018652 -0.575243 2.199832 -1.388435 -1.662343 -0.014059 0.362719 0.209367
时间 -0.785994 0.002565 -1.375042 -0.482316 -0.637880 0.006826 0.800391 0.307538 1.064096 -1.364164
春节 -1.663346 -0.896556 -0.940495 -0.162941 1.464990 -1.613747 -0.620907 -0.801479 0.253335 0.071045
以来 -1.760181 0.059505 -0.381321 -0.294455 -0.718009 0.103751 -0.579410 0.733109 0.076178 0.041712
形成 -0.240407 -0.265524 0.061942 0.259998 -0.216087 0.881225 -0.069100 0.183744 -0.981892 0.191173
促进 -0.329435 -1.119445 -0.121673 1.039480 -0.123429 0.654848 -0.378943 1.273938 -0.041920 0.692748
其中 0.240452 -0.062860 -1.645776 -0.089538 -0.260713 0.157986 -0.066238 0.216196 -1.535440 1.107875
国有 0.326184 -0.388341 -0.830776 3.411520 0.172321 1.225110 0.488178 0.463579 0.144223 -0.101151
增加 -0.352472 -1.099910 -0.429439 0.712574 -0.001235 0.821237 0.542625 0.862060 -0.597021 -0.407020
世纪 -0.904411 -0.502196 0.244130 0.376066 -0.822074 0.058191 -1.907783 0.053529 -0.585638 -0.273287
实施 0.317238 -1.158578 1.356197 -0.169079 0.316756 0.217545 -0.080383 0.436814 -0.597984 -0.181736
规定 0.107092 1.135020 0.520568 0.709723 0.550218 -0.098612 -0.388545 1.032999 0.389758 0.058653
学习 1.281108 0.047532 0.976965 -0.040809 0.266375 0.578816 -0.605271 0.245960 -0.907697 -0.108048
调整 0.437667 -1.311245 -0.179141 0.845728 -0.043977 0.594715 0.072067 0.998724 0.343654 -0.591285
出现 -1.207468 0.225306 0.157288 0.718145 -0.333620 1.298626 0.529249 -0.607401 -0.381199 -0.681601
代表 -0.306566 0.571201 -0.665801 0.115894 0.999554 -1.223621 -0.841502 0.345847 0.525958 0.569946
香港 -0.750461 0.198620 0.203788 0.510210 -1.213062 -1.322860 -0.410589 -0.372940 0.052357 0.247488
采取 0.322285 0.904720 1.459878 0.419747 0.249164 1.435516 -0.539827 -0.620270 -0.466609 1.341734
实行 -0.143844 0.163458 1.362156 1.046942 0.160367 0.300994 -0.096649 0.151584 -0.338065 0.978722
统一 0.658222 -0.216291 0.715997 0.589690 -0.295403 0.075383 -1.405018 -0.227707 -0.162869 -0.002176
措施 0.446846 0.860413 -0.151252 -0.210865 0.935197 0.639294 -0.075874 1.084511 0.492792 -0.050764
环境 0.759665 0.294131 -0.388757 0.155851 -0.605125 0.444958 0.168582 -0.068353 0.539349 -0.258921
质量 1.380737 0.223699 0.255144 -0.005998 -0.080163 1.070844 0.677205 0.283777 0.341036 -0.950365
发生 -1.284953 0.835486 -1.143747 1.255185 0.164995 1.229622 -0.541004 -0.458136 -1.307336 -1.310143
传统 0.224129 -0.780947 0.320895 -0.091514 -0.963924 -0.872764 -0.195117 -1.424162 -1.063679 0.221127
曾 0.722023 2.312966 0.414589 -0.357807 -0.047149 -0.905029 -0.006111 0.210231 -1.044523 -0.247843
美 -0.972742 0.598832 -0.709388 0.973719 -1.212856 -0.908504 -1.045274 0.482082 0.707374 0.136064
条件 0.216781 0.976362 -0.802990 0.590437 0.390075 0.808439 -0.043632 0.418557 0.786190 -0.851117
起来 -0.159133 0.266830 -0.118525 -0.504987 0.555924 0.743967 0.184907 -0.120526 0.197093 -0.152348
不断 -0.561757 0.802392 1.337566 0.021155 -0.327790 1.604884 0.566400 1.061666 0.442172 -1.335240
中心 0.593120 -0.564782 0.406058 -0.330930 0.123570 -0.843656 0.016186 0.737972 0.383918 0.082650
如 -0.523685 1.039582 -0.100584 0.673349 0.156239 -0.010298 0.629438 -0.522166 -0.176962 0.383613
日本 -0.360564 -0.933500 -0.710708 0.406802 -0.482589 -1.186252 -0.247514 0.473393 0.251916 0.499850
批 0.549743 0.414224 -0.141932 0.869794 0.103539 0.005608 0.924606 -0.456528 -0.994637 1.045303
国务院 1.609515 0.187093 -0.076101 0.132007 0.436625 -1.174779 -2.162385 -0.344562 1.038122 0.508223
为了 0.122424 0.749742 0.833668 0.193197 -0.121396 1.605772 0.633538 2.009682 -0.664922 0.149350
任务 0.468592 -0.185995 -0.258568 -0.626126 0.564520 0.343345 -0.855582 0.541452 -0.249433 -0.680129
委员会 0.713555 -0.107711 0.581344 -0.787224 0.743263 -1.726081 -0.531360 0.819412 1.146032 0.159013
具有 -0.951940 -0.071720 0.146913 0.819684 -0.589618 1.845178 -0.676019 -0.312460 -1.773980 0.656085
实际 -0.128755 0.215196 0.867029 -0.205813 -0.289505 1.217813 -0.507951 -1.415298 1.453777 -0.369643
共 0.134710 0.596382 -0.187648 -0.974206 -0.579353 -0.877328 1.630211 0.760186 -1.826751 1.188304
重点 1.271488 -0.688067 0.579703 -0.282994 0.761227 0.339869 0.785898 0.908489 0.516511 0.140139
结合 0.294349 -1.162190 0.367109 -1.129810 -0.927837 -0.331123 -0.936988 0.724460 -0.841146 -0.427268
岁 -0.653259 1.003014 -2.791482 0.571264 0.753552 -0.617432 0.783879 -0.295870 -0.370053 0.221900
正 0.512447 2.240567 0.301858 -0.864038 0.775986 -0.591357 -0.680996 1.874773 -1.782824 -0.615636
强调 -0.316056 0.191765 0.094641 -1.207597 0.098936 0.531538 -1.321556 0.798939 0.127026 0.770603
进 -1.853857 -0.057990 0.391292 -0.019838 1.124642 -0.347521 0.979740 -1.179260 -0.196117 0.632867
广大 0.076623 -0.782420 -1.020681 0.963850 0.891746 0.256698 -0.116597 0.356252 0.265134 2.357715
机构 0.076330 0.011400 0.206513 -0.024822 0.209744 -0.121632 0.159707 0.809130 1.676548 0.056804
十五大 0.130529 -0.122853 0.907930 0.165761 1.282032 -1.008304 -1.761822 0.267198 0.191023 -1.833879
以上 0.499777 0.091368 -1.441944 0.573022 0.397765 0.110228 -0.044783 -0.884656 -0.811108 -0.159459
占 -1.253527 -0.574045 -1.576860 0.912266 -0.390688 0.371282 0.579397 1.306649 -0.908195 0.741244
城市 0.056308 -0.726632 -0.082619 -0.118367 -0.239277 -0.205564 0.310592 0.085334 1.025970 0.395971
中央 0.317391 -1.072034 -0.258548 0.819528 0.306502 -1.042262 -1.929152 -0.216196 0.360204 0.021299
计划 0.695195 -0.131037 -0.766048 0.036355 0.108495 -0.363406 -0.261994 0.409757 0.076200 -0.612965
进入 -1.709530 -1.465439 0.925306 0.386232 -0.797279 0.457543 0.405841 0.483188 -1.210529 -0.422210
过 -1.637172 -0.514587 -0.996213 -0.515689 -1.304933 -0.121369 1.642953 -0.149226 -1.707713 -0.052816
米 -0.723488 0.659731 -0.224847 0.909226 -1.136187 -0.372314 2.244287 -0.294699 -0.581588 0.653775
其他 -0.043290 -0.124913 -0.586782 1.072765 0.128231 0.259026 -0.594733 -1.262070 -0.272766 0.807792
信息 0.468398 -1.220389 0.728000 0.591341 -0.531626 -0.668625 1.474689 -1.209725 -0.320669 -0.209539
现在 -1.289475 -0.603385 -0.868178 -1.307067 0.190860 0.505084 -0.465950 0.125791 -0.024026 0.349180
市 -0.127005 -0.688178 -1.314763 0.554555 0.436709 -1.025308 -0.789672 -1.081063 -0.272676 0.570232
住房 0.163715 -0.829112 -0.334809 -0.353075 -0.173505 1.688808 0.704394 -1.332674 1.984905 -0.086757
安全 0.572138 0.574622 0.218403 0.598893 -0.653823 0.115422 0.265905 -0.309202 0.147312 -0.834951
得到 -0.230008 0.804017 0.732060 0.392719 -0.644919 1.589273 0.293208 0.704532 -0.874326 0.856317
根据 -1.339207 -0.244594 0.687159 1.065074 0.844279 0.836449 -1.289782 0.087229 0.164006 0.153231
文明 0.615785 -0.815427 -0.309039 0.320527 -0.951302 0.128473 0.813626 -1.454263 0.326344 1.287399
贫困 0.962617 -1.685009 -0.806153 0.605189 2.191735 -0.271085 0.547354 -1.300821 0.094679 1.195545
想 -0.269275 1.236891 0.517958 -1.091316 1.332235 1.780925 0.762560 0.238291 0.084914 0.070425
作出 -1.222521 1.432756 0.610606 0.550606 0.209775 2.535403 -1.118041 -0.334024 -0.548196 -0.140167
一定 0.901633 0.253217 -0.688428 -1.590139 -1.560075 1.503084 -0.672706 -1.343607 -0.676030 -0.674053
[北京 -0.572102 -0.683359 0.000529 1.719916 1.076036 -0.919547 1.090374 -0.771044 -0.281589 1.232589
摄 -0.222291 1.080038 -0.116833 0.896664 -1.266885 -2.105515 2.624489 0.705775 0.011771 -0.599661
扶贫 1.355153 -1.832936 1.446755 -0.694321 0.684594 -0.560131 -0.055376 -0.197362 0.441415 -0.056288
体制 0.580088 -1.055792 0.244331 -0.021252 0.385087 1.275658 0.040542 0.800051 1.475582 -0.636835
保持 -0.793488 -0.382634 0.218212 1.533245 -0.976265 1.058493 0.156245 1.256926 -0.300413 -0.570724
无 -0.541710 0.910211 -0.780928 0.180206 -0.056205 1.729778 2.095707 -0.559890 -1.051798 1.789993
该 0.282107 -0.940266 -0.178669 0.644319 0.956525 -0.834201 0.710064 -2.300580 1.227826 -0.317322
先进 1.709204 0.236734 -0.401921 1.959116 0.810429 1.215486 0.342888 -0.047683 -0.204402 0.955052
开放 0.129365 -1.973256 0.279675 0.770355 0.434103 0.070751 -0.546815 0.129725 -0.563068 -1.326914
而且 -0.444707 0.552584 -0.468330 -1.871489 0.069338 1.004742 -0.335621 0.257342 0.480945 -0.297863
新闻 0.505546 0.149993 1.349969 0.103337 -0.346565 -1.613572 -0.287924 -1.484993 -0.566737 -0.118489
过去 -2.002941 -0.395986 0.673989 -1.256440 0.521655 0.707756 -0.725372 -0.983159 -0.217373 -0.878926
这里 -0.392130 0.525038 -0.703099 -1.315914 -0.297414 -0.348333 0.016955 -0.610507 -0.204591 0.928356
因 -1.123152 -0.088300 0.067749 0.684104 0.061815 0.931618 1.287422 0.030821 0.678226 0.578244
机关 1.176100 -0.291452 -0.108445 -0.028787 0.433902 0.045938 -0.430514 0.609387 1.103731 0.402717
两岸 -0.624886 -0.253523 0.330665 1.482435 -1.497547 -0.910695 -0.946134 0.353321 2.144534 0.142295
伊拉克 -0.349734 -0.360131 -0.008722 -0.618527 -0.541222 -1.175116 -1.205916 0.006327 1.487045 0.975428
达到 -0.955156 -1.552591 0.133897 0.961469 0.953244 0.663475 1.195771 1.293994 -1.861442 -0.480906
分 -0.198108 1.423941 -0.552270 0.799788 1.707230 -0.055727 1.881475 0.409422 -1.042689 -0.108718
完成 0.034697 -1.148993 -0.013978 1.432578 1.127942 -0.091685 -0.317264 0.890954 -1.426413 -0.949200
利用 -0.520230 -0.708847 0.326830 -0.056941 -0.165751 0.441626 1.377607 0.731310 0.252236 0.545096
不仅 1.444810 1.448041 -0.248484 -0.105878 0.097573 0.928783 0.167919 0.305863 -0.997790 -0.181665
目标 0.876323 0.198771 -0.480278 0.126353 -0.169896 0.313206 -1.005192 0.416807 -0.663651 -0.767736
形式 0.750129 0.107100 -0.670746 -0.468307 0.314992 0.695835 0.200641 0.570871 0.563651 -0.104915
发现 -0.389322 -0.292096 -1.157069 -0.122018 1.070709 1.259727 0.082678 -0.236030 -0.363203 0.169435
办 -0.257280 -0.157140 -1.188847 -0.517767 -0.066397 1.230998 0.214917 -0.477873 -1.682534 -0.440360
工业 0.335472 -0.939856 -0.473380 1.075429 -0.440539 0.068274 0.516128 0.275551 0.496186 -0.094106
则 0.691325 1.200088 -0.829669 -0.349484 -0.339576 -0.270626 -0.143011 -0.928207 -0.906022 -0.248044
可能 0.053150 0.681385 -0.963613 -0.881845 -0.832185 -0.169165 0.418555 0.890280 -0.329252 -0.952012
专家 -0.166148 0.357972 -0.454920 -0.871643 0.992376 -0.835518 -0.372622 -1.208277 2.350719 -0.406646
书记 -0.341664 1.564947 -0.668727 0.729001 0.689638 -1.314926 1.130914 0.906621 0.290881 0.459169
战略 0.756588 0.594942 0.190869 0.244129 -0.613343 0.216291 -1.171633 -0.192958 -0.279007 -0.405289
应当 0.366900 2.304932 0.558098 -0.368748 -0.323362 -0.322586 -0.906284 1.740063 0.138249 -0.260020
严重 -0.707470 1.015232 -0.676820 2.139528 -0.954367 0.634834 0.283552 -0.902385 0.048542 -0.146809
国内 -1.248666 -0.575432 -0.058550 1.146181 -0.464916 -1.082183 0.353956 -0.094457 0.472534 -0.032864
各级 1.075485 -0.358415 -0.416295 1.914229 0.700240 -0.042937 -1.559542 -0.566837 -0.409180 0.918380
经过 -2.038216 -0.055144 1.813471 -0.164141 0.238390 1.886241 0.234011 0.124465 -0.047670 -0.682356
理论 1.614487 0.307019 1.010467 -0.374447 -0.535630 -0.741067 -0.573772 -0.045945 -0.127441 -0.371955
发挥 0.122525 0.407487 -1.009698 1.108201 -0.490748 1.677613 -1.158852 0.345491 -0.806873 0.787074
不同 0.576222 -0.634391 -0.230020 -0.577088 -0.739558 0.547180 0.681152 -2.446696 -0.900898 -0.309360
作 -0.767247 1.491705 1.706787 0.478453 0.665409 0.940121 -1.404949 -1.176935 -0.290702 0.053107
祖国 0.142796 -0.035161 0.606411 0.271193 -1.653054 -0.601191 -0.322535 0.625014 -0.999692 0.566653
成功 -0.562035 0.554540 1.247277 -0.068767 -0.409042 -0.424918 -0.299467 -0.013220 -0.155186 -0.688851
吴 -0.979969 0.944029 0.442341 1.516127 0.987377 -1.428327 -0.319300 -1.522322 -0.393871 0.262561
重视 0.464965 -0.163933 -0.069118 0.254415 -0.038607 0.752799 -0.152459 0.640503 -0.040614 0.547520
省 -1.255477 -0.691874 -1.122878 1.013096 -0.214796 -1.059356 -0.732212 -1.515616 0.410078 0.129623
能力 0.656044 -0.042358 -0.448638 -0.530640 0.184764 0.794005 0.687157 1.032582 0.167359 -0.332721
重大 0.434869 0.038135 0.133994 0.632265 -0.454262 1.106506 -1.052908 -1.593198 -0.625450 -0.373808
孩子 -0.048850 0.802648 -0.830823 -1.489949 0.628334 -0.286114 1.296608 -1.160081 1.186918 -0.175365
１９９６年 -0.782822 -0.466859 -1.327561 0.653143 -0.317981 -0.841411 -0.093181 0.669716 -1.233458 -0.548502
帮助 -0.119515 0.141299 -0.975016 1.052937 1.630726 0.699347 0.185542 1.352743 -0.429510 1.319836
[国家 0.624068 -0.451571 0.886169 2.087157 0.325141 -1.235158 0.674748 -1.449997 -0.666738 0.754044
讲 -0.085659 -0.529404 0.238294 -1.830230 -0.089903 1.511619 0.210018 0.104164 -1.171489 -0.303754
地震 -0.377407 -1.486921 0.409622 -0.907895 -0.555806 -1.560975 1.812585 0.616014 1.829185 1.188335
长 -0.816619 -0.493439 -0.542752 -0.348217 -0.720789 -0.736216 3.112673 -0.352995 -0.580968 -0.498596
主任 -0.681728 1.085292 -0.241807 0.142287 0.600667 -1.512479 0.728460 0.334075 0.387212 -0.283052
系统 0.517536 -0.247801 0.286946 -0.456818 0.662154 -0.081173 0.608471 0.663389 0.985081 0.166387
俄 -0.511184 0.483006 -0.594636 0.620065 -0.872537 -0.771822 -0.901229 0.446353 0.785313 0.919623
本 0.282123 -0.481898 -2.441183 -0.055429 0.143211 1.375623 0.055053 -2.297149 1.282324 -0.123982
因为 -0.949710 0.068058 -1.012164 -0.594481 0.838021 0.671777 -0.172135 0.903396 -0.562683 0.723306
落实 0.497520 -0.290113 0.466113 0.124139 0.761009 1.577424 -1.245421 0.605605 -0.539394 -0.204122
收入 0.319872 -0.247506 -0.703828 -0.131708 0.097641 0.132422 1.248438 1.652456 -0.103354 -1.669683
年代 -1.085209 0.542296 -0.323789 1.082468 -0.422429 -0.542435 -0.665704 0.563969 -0.595430 -1.020403
如果 -0.019022 1.689555 -1.379828 -1.012682 1.053424 0.777280 0.223519 1.312411 0.895671 0.988896
出口 -0.280475 -0.765487 -0.317229 0.745660 -0.771969 0.072413 1.317950 0.694425 0.276729 -0.697764
各种 0.213533 0.319519 0.482677 0.840862 -0.015667 0.385367 0.485694 -1.607782 -0.019757 0.765860
危机 -0.762867 0.930455 -0.828937 0.606699 -0.885533 0.341472 -0.789703 -0.113994 0.622227 -1.192825
总 1.058976 1.769914 1.005040 1.124172 -0.581567 0.071556 1.336915 -0.603292 -0.849156 -1.988628
１９９８年 -0.876829 -0.993168 -1.212986 -0.826277 -0.381524 -0.267418 -1.304390 -0.304508 -1.602478 0.260851
方式 0.176252 0.003162 0.376781 -1.164757 -0.338357 0.294529 -0.308860 0.460968 0.362661 -0.768247
推动 -0.333940 -0.771787 -0.308421 0.509232 0.289008 0.645409 -0.522072 1.376858 -0.167503 0.681769
[全国 1.475273 -0.719085 1.731235 1.339582 1.042336 -1.301144 -0.196689 -0.061104 -0.310013 0.873900
吃 -0.986173 1.275956 -0.686909 0.074134 0.027758 0.251078 1.088614 -0.805740 -0.571214 -0.470485
推进 0.049558 -1.763637 0.037433 0.617001 -0.265216 0.548418 -0.575669 1.920518 -0.570253 0.259673
上海 -0.596449 -1.168111 -0.584437 -0.152361 -0.450408 -1.088480 0.081671 -0.348187 -0.383248 0.557033
老 0.849276 0.253075 0.270412 1.088819 2.168724 0.233327 0.680753 -0.641419 0.534911 1.177845
开 -1.432433 0.806288 0.966985 0.311623 0.273797 0.307503 1.948151 -0.088528 -0.350024 -0.762133
什么 0.205445 0.819616 -1.140119 -0.395244 1.083138 1.642087 0.435824 -2.094181 0.324942 -0.446994
科学 0.810620 0.098881 2.124384 -0.473448 -0.970652 -0.072555 -0.393413 -1.209476 -0.565970 -0.056257
介绍 -1.229219 0.193805 0.603691 -0.636031 1.726738 -0.064319 -0.950424 1.205648 0.539578 -0.125182
包括 -0.446167 0.599401 0.131001 0.790455 0.028604 0.006065 -0.003894 0.140881 -0.328300 0.686205
部队 0.880036 -0.555404 -0.561935 -0.847456 0.152693 -0.119953 -0.247121 0.318706 1.202048 0.600991
便 0.357339 0.994266 -0.015294 -1.300560 -0.425040 -0.542525 0.775417 -0.571033 -1.013929 -1.084843
看到 -0.829593 -0.267837 -0.219259 -0.567123 1.114101 0.569532 -0.566332 0.299590 -0.720101 0.733898
[中央 -0.854761 -1.109076 -0.880371 1.649013 0.219497 -1.678953 -0.446175 -0.402119 0.479756 2.641777
认识 -0.244122 -0.618623 0.226389 -0.922860 -0.077680 0.983817 -0.281712 0.708298 0.002035 -0.641625
素质 1.606961 -0.237432 -0.259211 -0.313268 -0.878497 1.715396 -0.474981 0.384493 0.009374 -0.077279
既 1.315974 0.739491 -0.798471 -1.004483 -1.051326 0.946977 0.769145 -0.044785 -0.963241 -0.230421
仍 1.251270 1.823869 -0.134483 -0.730286 -0.267860 0.302213 0.458348 0.336594 -0.783303 0.471705
全 -0.931836 -1.662750 0.194400 0.028455 -0.645322 1.295293 1.782826 -2.046353 1.471516 1.188299
深入 0.189005 -0.805223 1.454248 -1.259167 -0.723180 0.682337 -0.499253 0.720819 0.871785 0.614998
发表 -0.729840 1.361783 0.793875 0.178000 0.979125 0.210235 -1.732515 -0.819542 -1.296689 -0.221741
月 -1.817284 0.435626 -1.182234 0.288164 0.007982 -0.220077 0.585920 -0.226947 0.936750 -1.157411
杨 -1.053944 1.258796 0.247036 1.754657 0.969829 -0.735876 0.301299 -1.574564 -0.440960 0.821140
台湾 -1.827439 0.129499 0.630144 1.099373 -0.757316 -0.580448 -0.858642 -0.527164 1.712166 -0.178445
关于 -0.402474 -0.085550 0.629466 -0.185431 -0.396446 0.044286 -0.389287 1.301072 0.235002 1.132887
有的 0.325289 -0.298108 -1.912899 0.357780 1.637025 -0.170911 -0.639311 -1.569224 0.572231 -0.030976
附 4.930825 -1.850682 2.810967 4.126865 -4.377791 -1.817786 -4.267937 1.753636 0.185074 -4.020285
会见 -1.598788 0.414987 -0.337691 0.417415 1.020650 -2.067881 -1.483687 1.502143 0.990097 0.641311
成果 0.629393 0.595842 -0.448193 -0.621279 0.189997 0.461844 -0.493718 0.760108 -0.029487 -0.062688
演出 0.371583 -1.156814 0.021832 -1.594642 0.542933 -1.152795 0.225631 -0.461557 -0.032024 -0.814721
下岗 1.067752 -0.898327 -1.569974 0.555720 2.631747 0.306104 0.735376 0.620002 0.022420 0.372707
因此 -0.410115 0.522376 -0.882358 -0.793155 0.379403 0.579573 -0.492936 0.709060 0.354557 0.339028
利益 0.150453 0.694874 -0.432487 0.696161 -0.296510 0.606507 -0.098687 0.193048 0.825387 -0.240872
现代化 0.836551 -1.704595 -0.214712 -0.130975 -0.836400 0.421712 0.404570 -0.206434 0.359400 0.457426
对于 -0.553492 0.342338 0.510830 -0.245050 -0.090094 0.469212 0.249988 0.770242 -0.044366 1.575429
之间 -0.208956 0.349865 -0.378206 0.008101 -1.695103 -0.352895 0.401999 -0.169946 0.884488 0.023651
作品 0.544038 -0.004288 -0.020498 -1.374605 0.233570 -0.742352 0.027784 -0.943466 0.409035 -0.934482
成立 -0.522785 0.151968 -0.481004 1.531170 0.571985 -0.916155 -0.279022 0.757646 -0.078416 -0.761338
就业 1.032400 -1.275237 -0.057019 -0.507801 0.166136 0.259743 0.267517 -1.147654 0.774516 -0.285738
资源 0.838608 -0.229630 -0.387586 0.037962 -0.913942 0.514210 0.633905 0.870460 0.019999 -0.073669
各地 0.319017 -0.801413 -0.242213 -0.267668 0.210590 -0.138799 -0.884454 0.285759 0.963708 1.054715
实践 0.562667 -0.128017 0.272136 -0.961798 -0.406408 -0.147991 -0.952314 -0.405068 0.672157 -0.774780
县 -0.704964 -1.083411 -1.437082 -0.035181 0.118535 -0.912297 -0.429430 -1.195706 1.382016 0.753340
点 -0.232421 1.330406 -0.226656 0.663048 0.408614 0.288344 0.004441 -0.690070 -1.363829 -1.322751
青年 1.088125 -0.162307 -0.776325 0.940660 0.401460 -0.406065 1.669913 -0.595011 0.087602 1.875609
期间 -0.498251 0.689821 -0.969550 0.211489 -0.071526 -0.314424 -0.067353 0.468360 0.109258 0.857967
时期 -1.148946 0.453457 -0.972101 -0.181929 0.067810 -0.141574 -0.507144 1.456461 -0.048621 -0.252725
内容 1.037459 -0.102613 -0.799479 -0.606743 0.145714 0.366574 -0.008672 0.220970 0.051560 -0.348082
灾区 1.102636 -0.432272 -0.664875 0.134218 0.293180 -0.844233 -0.023147 1.371857 -0.154079 1.588741
受 -1.378000 0.150331 -0.278461 1.308760 0.219706 0.767207 -0.756643 -0.619958 -0.614655 1.659954
设施 0.925661 0.119621 -0.019735 -0.702842 -0.748544 -0.154291 1.617157 -0.209832 1.875457 0.442821
仅 0.413287 -0.171181 -1.503181 -1.352184 0.311287 -0.669301 0.722538 1.372912 -2.306847 -0.392434
受到 -0.487320 0.112874 -0.483534 0.740415 0.343423 0.628187 -1.403316 -0.304134 -0.763928 1.702142
行动 0.061930 -0.367611 -0.260242 -0.000076 0.003972 -0.129882 -0.469981 0.380981 0.360185 -0.778599
机制 0.989743 -0.009899 0.201732 0.339340 0.016540 1.026323 -0.149591 0.776272 0.691667 -0.524148
政协 1.056706 -0.941931 0.867491 -0.358978 0.571242 -1.339935 -1.509190 0.309780 -0.101874 0.337725
行业 0.690772 -0.427885 -0.509034 0.477885 -0.030661 0.602901 0.401119 0.702173 1.016907 0.458736
自 -1.830524 1.080143 0.087298 0.425044 0.047573 -0.222391 -1.203266 0.610268 -2.317564 0.059083
外 -0.331239 0.230116 -1.080005 -0.078182 -1.010506 -0.007467 -0.665735 -1.193827 0.274917 1.001200
写 -0.886327 1.013643 -0.042535 -0.539698 0.618482 0.667977 0.515258 -0.149038 -0.848075 -0.770562
领域 0.240550 0.122226 -0.550395 -0.026847 -1.187463 0.242255 -0.246274 0.117042 1.106583 -0.217097
联合 0.198481 0.235891 1.307366 -1.100165 -1.046908 -1.453937 0.133127 0.127654 0.428810 0.294762
如何 0.072815 0.345420 0.920303 -0.720761 -0.573656 1.342731 0.062179 0.928627 -0.245644 0.071689
双方 0.258564 -0.310027 -1.005643 -0.413319 -1.624601 -0.280745 -1.187391 0.431159 1.441464 0.306980
保护 0.176670 -0.170919 0.103707 1.026455 0.087341 0.124088 -0.600700 -0.255185 0.400301 -0.300119
按照 -0.492615 -0.285389 1.049856 1.290551 0.961572 0.322546 -1.173935 0.399919 -0.827351 0.783868
召开 -0.059535 -0.415590 1.086698 -0.045775 1.618490 -0.689590 -0.827583 0.736177 -0.541080 0.581583
优势 0.385200 -0.590875 -0.752551 0.053532 0.188768 0.172751 0.050331 1.124659 0.568667 -0.429125
驻 -2.072393 0.848115 0.093253 0.983454 -1.776956 -1.243835 0.508078 1.376263 -0.376653 2.010708
规模 -0.403066 -0.826337 -0.893691 0.668227 -0.507265 1.699413 1.030461 0.976735 0.324499 -0.733929
充分 0.313344 1.099701 0.859246 -0.918810 -2.171654 0.965948 0.552170 0.020607 0.461351 0.961011
原因 0.433430 0.967485 -1.302802 0.351537 0.452541 0.307774 -0.787818 -0.505152 -0.397150 -1.038425
新年 -1.320900 0.573451 0.118496 -0.634054 0.679026 -1.041711 0.112612 -1.251870 -1.003568 -0.600427
了解 -0.715700 -0.760966 0.467065 -0.362045 0.393021 1.009274 -0.416492 1.042683 -0.430221 -0.678881
像 -0.789200 0.879189 -0.245113 -0.133745 0.833430 0.095315 0.143515 -0.356669 -1.263145 1.371708
经验 0.913882 0.494672 -0.014895 -0.823889 0.630679 0.560215 -0.574337 0.443277 0.571836 -0.559936
大学 -1.264872 0.452215 0.022935 -0.160148 0.703754 -1.232515 0.365290 -0.266834 0.912956 0.588952
监督 0.895127 0.376255 0.985681 0.638688 0.733225 0.249535 -0.346016 0.103409 1.829841 -0.517533
行为 1.120017 0.746956 -0.686190 0.169237 0.561209 0.871876 -0.342960 0.674974 0.415068 -0.313764
原则 1.109057 0.503814 -0.231600 0.848997 0.560750 0.070133 -0.654101 0.394032 0.589640 -1.010942
竞争 0.142017 -0.193201 0.176711 -0.080693 -0.039167 0.219543 0.158365 -0.243433 0.745270 -1.260926
赵 -1.056731 0.733045 0.883971 1.230158 2.167388 -0.905666 1.742883 -2.405095 -0.889018 1.216443
调查 -0.077318 0.539476 1.418600 -0.612605 0.749606 -0.527730 -0.707244 -1.306808 0.678884 -1.702436
良好 -0.359230 -0.238850 0.757809 1.820543 -1.336245 0.111864 0.738495 -0.763135 0.453364 -0.032440
制定 0.324284 -0.321563 1.108277 1.018652 0.745504 0.726870 -0.306253 0.599893 -0.836555 -0.645170
家庭 0.212055 0.009896 -0.595843 0.224415 -0.644377 0.298918 0.872157 -1.093593 0.715239 0.504083
形势 0.424982 1.110584 0.098143 0.323809 0.176094 0.980384 -0.017340 0.039970 -0.106292 -2.185832
投入 0.322866 -0.440252 -0.226495 -0.005709 0.572095 -0.328981 1.342234 1.406531 0.147048 -0.546873
比赛 -0.935464 -0.709699 -0.197973 -0.909675 -0.164949 -0.622123 -0.121798 -0.598512 1.123122 -1.429292
件 0.423743 0.683371 -0.713695 -0.278291 0.184633 0.232934 1.295419 -1.780865 -1.462138 1.014093
分别 0.897606 1.714988 -0.927426 -0.378683 -0.197759 -1.648003 0.955963 1.354172 -0.947835 -1.356960
过程 -0.196230 -0.811295 0.325504 -1.673472 0.145905 0.218763 -0.358660 -0.560102 1.884437 -1.597144
贡献 0.345841 0.020081 -0.720779 -0.334017 1.232158 0.335199 -0.500056 0.294131 -0.009672 0.127799
创造 0.400979 0.358947 0.868971 0.658970 0.304846 1.283231 0.685843 0.329983 -1.791790 -0.388931
部长 -0.720817 2.193855 -0.892364 1.165886 0.508311 -1.137840 0.829216 -0.604149 0.550964 -0.455747
获得 -1.046524 0.174040 0.960740 0.319212 -0.329223 1.595844 0.745407 0.686185 -1.067198 -0.079242
直接 0.836182 1.831599 0.026725 1.465371 -1.911831 -0.312274 0.264380 -0.287149 0.048990 -0.669922
贯彻 1.174746 -0.019057 1.501642 1.391608 1.329909 0.449706 -1.040344 1.616926 -0.275962 -0.136702
日前 0.144232 1.242001 -0.102020 -1.102680 -0.893459 -1.685316 -0.497684 1.360716 -0.436331 0.395314
人才 1.034482 -0.483231 0.607898 -0.590352 -0.070982 0.753813 0.688168 -0.187535 -0.118728 0.093235
力量 0.090111 0.367493 0.067203 -0.286559 -0.174200 0.725616 -0.316845 0.366456 0.311229 -0.108264
资产 0.652170 0.601084 -0.103917 -0.123871 0.282871 0.783301 2.670782 0.876904 1.261567 -0.499896
系列 0.250380 0.245998 0.404363 0.390002 0.352339 0.330327 -0.769266 -1.433015 -1.093037 0.916801
认真 0.726999 1.053349 2.145092 -0.224318 -0.831341 0.264255 -0.794646 0.583751 0.346617 0.508081
间 -0.539324 -0.201680 -0.790529 -0.205047 -1.406786 -0.507949 0.617750 -0.316799 0.568994 0.624240
学生 0.471971 0.189364 -0.775066 -1.332802 0.677555 -0.308992 0.936259 -0.085834 0.795620 0.383276
创作 0.758873 -0.692217 0.806900 -0.953717 -0.043943 0.096627 0.060319 -0.409868 -0.527904 -0.566342
地 -1.006262 -0.862035 -1.318336 -0.557763 -1.027575 -0.272630 0.214534 -0.515422 1.275504 -0.018700
存在 -1.017471 0.353047 -0.712055 0.665368 0.147116 2.077965 0.336709 -0.713402 0.577720 0.072557
变化 -0.291128 0.033102 -0.584715 0.455855 0.024420 0.694519 -0.387114 0.571979 0.229532 -0.180914
阶段 -0.453894 -0.716558 0.017386 -0.501843 -0.206656 0.304762 -1.058913 -0.431521 -0.010187 0.013845
保证 -0.306597 -0.689925 0.137031 0.480607 0.926073 0.333584 0.325075 0.516125 0.352665 0.863664
造成 -0.656615 0.112178 -0.521996 1.897110 0.044512 1.397935 0.782234 -0.129821 -0.706294 0.045196
反 0.085162 -0.466463 1.227899 0.172318 -0.177587 -0.734602 -1.909001 -0.316022 -0.137174 2.145318
户 0.321929 -1.059788 -1.897311 0.597134 0.301322 0.028113 1.022206 1.024473 0.305532 0.713248
这次 -0.116725 0.682330 1.120816 -1.208780 0.724942 -0.968897 -1.193786 -0.533792 -0.918868 0.251738
扩大 -0.531044 -0.489553 0.209680 1.231189 0.174065 0.594973 0.298533 0.757535 0.068653 -0.752498
持续 -1.680257 -1.291411 1.064566 -0.101712 -1.180813 1.742463 0.271848 0.805675 0.641427 -1.033986
欧洲 -0.559030 -0.406428 -0.644720 0.883787 -0.690333 -0.139496 -1.160547 -0.391345 0.424762 0.314997
访问 -1.287145 0.657447 -0.339430 0.350277 0.143920 -0.824349 -1.762840 -0.212350 0.421282 0.161969
产生 -0.916343 0.607762 -0.576496 1.068330 -0.170342 1.943723 -0.025986 -0.377675 -0.561150 0.195866
正在 -0.216239 0.758454 1.208928 -1.336485 -0.928456 -0.501827 0.430478 0.297346 0.518572 0.078571
当地 0.190144 -0.348707 -0.570237 0.680676 0.167984 0.227417 -0.750999 0.089688 -0.007668 1.246410
交通 -0.015658 0.348813 0.526318 1.407054 -0.413760 -0.204100 1.093083 -1.133717 0.829810 0.040593
体系 0.474697 -0.359021 0.309493 -0.264702 -0.299602 0.435284 -0.205411 0.625506 0.801717 -0.430280
健康 -0.718598 -0.396832 1.045131 0.367022 -1.295872 0.571790 -0.047851 -0.263995 0.510595 -0.370072
每 -0.945769 -0.024011 -1.411886 -0.756568 1.561363 -0.337678 1.205024 -1.330469 -2.346915 0.409131
俄罗斯 -0.021565 0.295002 -0.718245 0.463414 -0.786935 -1.094174 -0.568950 0.264025 0.356837 1.234536
一 -1.843892 2.435586 -0.333236 -1.407658 -1.444271 0.315564 -0.026458 -0.330987 -1.735937 -0.774835
医院 0.651220 0.996583 0.508460 -0.016196 0.193149 -0.909332 0.974486 -0.361241 0.950376 0.733342
犯罪 1.011468 0.272971 -0.336282 -0.197089 -0.668394 -0.715275 0.542584 -1.784414 1.268589 -1.158094
革命 0.750327 0.109921 0.816523 0.330200 -0.460188 -0.494009 -1.207190 -0.255470 -1.442680 -0.325831
低 -0.280310 0.003018 0.763615 0.633173 -0.645929 0.695544 1.563139 -0.641058 -0.650907 -1.313951
场 -0.925254 -0.594120 1.229336 -0.881815 -0.004992 -0.828395 -0.218808 -1.311611 0.162198 0.259381
改善 0.166502 -1.182335 -0.495063 0.592554 -0.326388 1.330008 -0.185376 0.470759 -0.073947 0.395363
大家 0.348550 0.840165 -0.604834 -1.059246 0.165224 0.207103 -0.329198 -1.530821 0.613348 0.704748
１２月 -1.523401 0.898566 -0.269369 0.711197 -0.052013 -1.148502 -0.629425 -0.793742 -1.049131 0.103201
强 0.017477 -0.089169 0.054268 0.722200 0.374941 0.244804 0.933795 -0.621829 -0.570081 0.381562
宣布 -0.143783 1.612925 -0.564270 -0.484891 -0.246788 -0.006042 -1.557720 1.092501 -0.449389 1.026801
有效 0.394622 0.965083 1.141389 0.835604 -0.750863 0.359312 0.283751 -0.376774 0.760787 0.064192
没 -0.646087 1.128744 -0.755159 -2.354248 -0.792793 0.204811 1.658067 -1.428159 -0.899156 1.157582
少 -1.472126 -0.023539 -0.102204 -0.990620 -0.292232 0.904587 0.638604 -1.073241 0.554475 -0.099332
结果 0.147040 0.621605 -0.671567 -0.617430 0.359490 -0.296010 -0.671116 -0.749231 -0.440980 -0.820566
最近 -1.159847 0.443717 0.172773 -1.670857 0.085492 -0.977831 -0.717016 0.750827 -0.531303 -0.558603
长期 -0.087237 1.110938 0.443686 0.479852 -1.909482 0.043845 -0.215279 -0.121803 -0.044592 -0.093185
意义 -0.262314 0.676080 0.418619 0.231995 0.183045 -0.185687 0.032575 0.420369 -0.730038 -2.039629
学校 0.364829 -0.302787 -0.299242 -0.785929 0.408907 -0.082032 0.593069 0.119246 0.532130 0.111390
图 0.667286 -0.042415 0.711049 -3.460825 1.309748 -2.053089 1.423872 0.447786 0.690716 -2.296203
先后 1.182931 1.567374 0.948023 -2.084913 -0.198994 -1.237934 1.137371 0.492763 -0.659935 0.715875
徐 -1.417516 1.335470 0.250185 1.377998 0.589814 -0.824105 0.562559 -2.181201 -1.700512 0.205105
货币 0.013651 -1.708326 1.040570 1.098320 -0.405251 -0.925429 -0.251561 1.166506 0.836259 -1.397001
英国 -0.121530 0.278174 -0.863644 0.490346 -0.575678 -1.035863 -0.718282 0.058318 0.046593 1.231149
邓小平理论 2.420827 -0.177390 1.193053 -0.924444 -0.228455 -0.616789 -0.559739 1.533260 -0.458237 -0.333056
鹏 0.571361 2.042897 -0.755903 -1.396268 1.425088 -1.619247 -1.035738 -0.289287 0.485084 1.001298
斗争 -0.061572 -0.831000 0.323357 -0.903689 -0.063898 -0.035671 -0.989297 0.031485 0.596300 -0.554168
贸易 -0.077166 -0.180120 0.045574 0.798034 -0.591714 -0.487127 0.438592 0.768558 1.167240 -0.781246
日 -1.250112 0.850754 -1.758709 0.750409 -1.320327 -0.707160 0.264863 0.556191 0.850532 -0.207895
增强 -0.088236 -0.966169 -0.315531 0.966222 0.620797 0.948142 -0.046899 0.387385 -0.571318 0.825344
加快 0.345975 -0.651871 0.719523 0.738960 0.033534 0.977875 0.324380 1.626855 0.525877 0.315970
明显 -0.265074 0.686123 0.353787 0.776570 -1.388049 1.295587 0.349079 1.463202 -0.667941 -0.770864
干 -1.101239 0.350371 -0.705918 -0.460351 0.738100 0.516859 0.082447 -0.848324 -1.055249 -1.376793
事 -0.324898 0.254741 -1.336480 -1.010858 0.538984 0.599372 0.042696 -0.778517 0.226372 -0.800681
市场经济 1.440153 -0.191419 0.441717 0.481500 -0.725601 1.451752 -0.316074 -0.828170 0.134325 -1.279057
按 -1.172869 -0.240944 1.291727 1.950798 0.658179 -0.026587 -0.011643 -0.261874 -0.760871 -0.364393
贷款 0.370327 -0.109422 -0.349147 1.212626 0.852927 -0.179198 0.923867 0.826527 0.440482 -0.567086
军事 0.350946 -0.077047 1.286941 0.829171 -0.518542 -0.553948 -0.581027 -1.018694 0.140822 -0.274815
首先 1.223769 0.845204 -0.600523 -1.247882 0.601234 0.797426 -0.665090 0.785083 -0.625243 0.526091
现代 0.126151 -1.547668 0.352469 1.663457 -0.481047 0.597672 1.003842 -0.669949 -0.346451 1.211216
宣传 2.064495 -0.235907 0.171298 0.064667 0.334938 1.227263 -0.923440 0.076145 -0.435938 0.500096
个人 0.444666 0.794512 -0.361659 0.142268 -0.343647 0.356149 0.516094 -0.736707 0.667896 0.126185
指导 1.247987 0.225682 0.315531 0.773883 0.641174 0.687643 -1.273892 -0.179718 0.575823 -0.165484
台 -0.303091 0.381916 0.058750 0.949865 -0.114696 -0.696354 0.369137 -0.817270 -0.901676 -0.196897
报告 0.374259 0.398619 -0.235784 -0.477449 1.151142 -0.951700 -0.716389 -0.641783 1.053490 -1.490191
电话 -0.388790 0.209604 0.351475 -0.192318 0.748638 0.230743 0.648601 -0.338626 1.419573 -0.594949
讲话 -0.480286 0.398341 -0.209447 -1.157116 0.992469 -0.928146 -1.480969 -0.376128 1.287684 -1.236966
参与 -0.598427 -0.653097 1.006710 0.156996 1.286183 0.077229 -0.393335 0.237957 0.188523 0.788877
段 -0.751126 0.800636 -2.372936 0.378513 -0.899002 -1.088817 0.925963 -0.211957 0.131390 -0.765801
优秀 1.211346 -1.085687 0.765085 0.469892 0.722351 0.078396 0.175979 -0.839129 -0.980122 1.446024
路 0.072205 0.256005 -0.467565 -0.798536 0.477213 -0.252432 0.720428 0.184948 0.149762 0.020006
朱 -0.456912 1.049808 -0.691138 1.240347 0.538794 -1.540246 -0.270353 -2.401079 -0.760771 1.197277
结束 -1.489023 -0.156334 -0.580059 1.169974 1.089353 -0.406163 -1.244094 -0.118389 0.483058 -1.114304
京 -0.553863 -0.009959 -0.055354 -0.799562 -0.474250 -1.793504 0.507576 -0.739526 -0.387764 1.311154
责任 -0.163757 0.581433 -0.040756 0.693394 1.264920 0.539172 0.240066 0.146148 1.322086 -0.412696
负责 0.695352 0.879735 1.423761 0.564172 1.319148 0.087652 0.581699 0.871664 0.886433 1.269090
但是 -0.979155 0.418049 -0.508116 -1.203191 1.083503 1.433787 -0.440825 0.790215 0.492101 -0.080319
成绩 0.798762 0.322112 -1.064380 -0.264408 0.762895 -0.338874 -0.051395 0.996362 -0.204815 -1.291381
更加 -0.498161 1.691491 0.526555 0.764261 -2.422747 1.284108 -0.191399 -0.286845 -1.148879 0.500667
具体 0.909467 0.509345 1.402695 0.228563 -0.389928 0.564836 -0.716365 -1.489296 0.056622 -0.032874
自治区 0.981637 0.144305 0.372000 1.041829 0.977841 -0.687452 -0.592833 0.715725 -0.309439 0.571850
电视 -0.177088 -1.060163 0.460569 -0.255377 0.236272 -1.076948 -0.214198 -1.605976 -0.968000 -0.017345
相 0.722513 -0.412251 1.563714 -2.480251 -2.505677 0.323189 -0.605304 -0.045103 -0.254213 -0.821268
应该 -0.306882 1.978157 0.135530 -1.105919 -0.441463 0.953645 -0.912008 0.254165 -0.039297 -0.500592
打 -1.791963 0.732322 -0.370813 -0.333092 0.347311 1.183024 1.644075 0.103409 -1.102296 -0.824107
人口 0.771408 -0.232319 -1.218273 -0.285844 -0.414139 0.175095 1.740194 0.141869 0.106899 -0.186077
财政 -0.016198 0.862386 -0.267648 1.578744 -0.613677 0.280519 1.551250 0.353855 1.703335 -0.838090
高度 -0.151266 2.328272 -0.251383 0.645603 -1.524384 1.650670 -0.798501 -0.242481 1.098432 0.438648
来自 -1.447382 -0.539622 0.247053 0.703545 -0.123931 -1.021773 -0.031039 0.754200 -0.871396 1.249147
根本 1.050101 0.613437 0.588955 0.551940 -1.944431 0.087778 -0.453640 -0.986856 -0.129504 -1.643344
减少 -0.727883 -0.689428 -0.610074 0.852841 0.235227 1.309982 0.739239 0.695711 -0.269165 -0.466740
吨 -0.370735 0.898377 -0.647155 1.456093 -0.704361 -0.281095 1.089929 0.571789 -0.645692 -0.399694
进程 -0.766400 -0.754286 -0.342328 -1.153392 -0.093388 1.178517 -0.802275 -0.474109 1.286120 -1.345396
行政 0.682681 -0.178533 1.385121 1.437732 0.025532 -0.351490 -0.361305 -0.817656 0.667087 0.681201
处理 0.017698 -1.282157 -1.073941 -0.378587 -0.189639 1.195232 0.185451 -0.630562 -0.198387 -0.239769
现象 0.644472 0.436338 -1.256119 0.056490 0.213857 0.664500 -0.271584 0.521648 0.285452 -0.320387
加大 0.703732 -1.205289 1.263881 0.771756 0.532748 0.771339 -0.031259 0.651315 0.735837 0.725276
一起 -0.778063 1.154872 0.510542 -0.166840 0.623623 0.487455 0.551352 0.214196 0.875380 0.059820
新春 -0.227133 -0.050261 0.227643 -0.106026 0.336014 -1.372427 0.792931 -1.305697 -0.830215 1.114194
接受 -0.287533 0.105548 1.066767 0.070080 0.426721 -0.868310 1.121815 0.052883 0.115481 1.126586
分析 -0.249773 0.219929 0.828981 -0.232369 0.781469 -0.255861 -0.599835 -0.653829 0.451303 -0.762504
力度 0.599245 -0.055925 0.263100 -0.515212 0.578658 0.575964 -0.040180 2.011896 0.388205 -0.853559
表现 0.881394 -0.255041 0.654241 -1.179018 1.118519 -0.179565 0.543568 0.999742 -1.207242 -1.775815
住 -1.189835 0.219721 0.556310 -1.168997 0.753188 -0.573621 0.733213 0.974087 0.104360 -1.092929
居民 0.221658 -0.218205 -0.704619 -0.728141 -0.493039 0.066147 0.948536 -0.640672 1.205348 1.289366
晚会 -0.166356 -0.384931 0.178215 -1.396496 -0.103633 -0.441849 0.205711 -0.312125 -0.020146 -0.833037
商品 0.088504 -0.379006 0.951219 -0.122969 -0.394567 -0.495328 2.029942 -0.150566 1.216797 -0.465649
邓 2.233647 1.954325 2.596804 0.557978 -1.301496 -0.318593 1.097434 0.155056 2.392975 -0.253025
方针 1.188523 0.555803 -0.217153 0.065523 -0.877506 0.513165 -1.592801 1.282488 0.244770 -1.041183
最后 -0.267475 0.314858 0.060756 -0.712558 0.785857 -0.500397 0.103375 -0.850073 -0.945014 -0.017103
抓 1.040399 -0.586039 0.981519 -0.729520 0.986329 1.718362 0.257269 0.535126 -0.588177 0.573867
读者 0.902285 1.356329 0.261882 -0.790512 0.355041 0.006072 -0.277355 -1.363195 -0.105596 0.894616
资本 0.349263 -0.190792 0.539794 0.410724 0.572505 0.118356 1.782202 0.846424 1.143166 -0.152252
执行 -0.696700 0.045244 0.249273 0.577870 0.793322 0.167680 -1.815210 -0.172299 0.720329 0.108825
各项 1.541127 -1.455605 1.097889 -0.269368 -0.745685 0.074509 -1.508798 -0.253300 0.048253 0.108873
任何 0.135141 0.194585 0.612058 1.268704 0.795470 1.177797 -0.201664 -1.757866 0.303472 0.765556
还有 -0.522455 0.067371 -0.619132 -0.020741 0.598740 0.373963 0.294772 -0.516771 -1.172964 0.886781
腐败 0.679155 0.353496 0.227549 0.453665 -0.110655 0.170031 -0.212770 -1.553136 1.004969 -1.158256
精神文明 1.802758 -1.027790 0.418859 -0.827657 -1.141896 0.959070 0.261411 0.299547 1.375041 0.825333
团结 1.018016 -0.054344 0.903475 0.135148 -1.741263 0.044440 -1.435507 1.002074 0.168837 0.723260
搞 -0.727117 0.140329 -0.005575 -0.118967 -0.346905 0.240694 0.991747 -0.439736 -0.992626 0.071819
集中 1.086162 0.684648 0.351317 -0.838873 -1.043274 -0.101498 -0.954834 -0.861548 -0.543673 0.724755
买 -1.322792 1.203102 -0.776881 -0.320132 1.316412 -0.007194 1.879313 -1.323474 -1.215618 -0.280023
亚洲 -1.298290 -1.440044 -0.505721 0.956199 -0.656190 0.117936 -0.125184 0.078219 1.223487 -0.425234
水 0.105180 1.399861 -1.183494 0.133195 0.537036 -0.253696 1.105627 -1.286705 -0.192728 -1.789457
带 -1.095467 1.258021 -0.620131 -0.306551 1.096716 0.042845 1.656203 -0.166993 -0.895443 -0.223599
统计 -0.996747 -1.602334 1.382566 -0.478365 1.079593 -0.839265 -0.312436 1.523361 -0.011458 -1.202945
标准 0.646214 -0.227037 0.055648 -0.906818 1.063923 0.440378 0.895211 0.898810 0.998861 -0.622881
基层 1.018862 -0.627648 0.140035 0.271685 0.584074 0.569737 -0.139069 -0.806497 1.563206 1.461130
特色 -0.040789 -1.675827 -0.119745 -0.930815 -1.061314 0.189845 -0.070062 0.856538 -0.532100 -0.527912
伟大 -0.043809 -0.159720 0.647560 0.579993 -1.833483 -0.445030 -1.798046 -1.386051 -1.070587 0.938564
观众 0.279336 0.614526 -0.212748 -1.910564 0.299162 -0.236421 1.119781 -0.864560 0.481945 -0.529326
胡 -0.068845 0.746630 -0.238979 1.339185 0.649862 -0.841203 1.419001 -2.231384 -1.269247 1.489327
选举 -1.037777 0.623328 -0.595749 0.465600 1.159520 -1.692986 0.911154 0.903285 0.916800 -0.465019
难 -0.323810 0.667548 0.679066 -1.555578 -1.006474 0.129519 2.361286 -0.558916 0.142660 -0.251792
联系 0.602756 -0.380815 -0.852550 -0.239240 0.284103 0.327048 -1.270143 -0.174536 -0.504003 0.622430
地位 0.129393 0.172322 -0.538934 0.147727 0.008013 1.015509 -0.321304 0.839394 0.205304 -1.168022
带来 -0.945351 -0.218976 0.146414 0.816382 -0.317666 1.776388 0.863384 -0.863522 -0.683795 0.109909
时代 -0.345284 0.060068 0.746611 0.616028 -0.837599 0.140687 -0.358082 -0.422969 -0.811001 -0.373086
大力 -0.424898 0.329831 2.041386 -0.041083 -1.197344 1.518234 0.848676 1.419109 1.860772 0.513455
亩 -0.234886 0.628319 -1.626555 0.793225 -1.204286 -0.139873 1.369339 0.099959 -0.951580 0.798201
案件 0.261661 0.862466 -2.116438 0.635561 -0.333034 -0.022907 -0.622556 -0.207493 0.527977 -0.922346
准备 -0.012766 0.610741 0.192865 -0.694353 0.142648 -0.469668 0.847483 -0.121649 -0.444605 0.149512
甚至 -0.074146 0.810552 -0.594931 -0.626442 -0.759193 0.016400 0.642308 -0.450834 -0.193926 -0.212479
出版 0.180339 0.037146 1.505197 0.344265 1.471687 -0.382483 0.642292 -0.004526 -0.274050 0.091242
石油 0.029695 -0.306290 0.679456 1.316026 0.209978 -0.940056 1.832608 -0.261010 0.460576 -1.173283
约 -0.162414 -0.808406 -1.798402 -0.139403 0.279397 -0.979917 1.437824 0.944112 -2.176471 0.263347
每年 -0.283103 -0.398123 -1.575922 -2.038190 -0.759826 -1.010473 0.876465 -0.312523 0.458708 -1.024734
培训 1.579798 -1.241640 -0.051365 -0.480680 0.845241 0.161278 0.426010 0.172577 -0.008921 -0.305626
法律 1.814817 0.538104 0.775315 0.833127 -0.631648 0.623880 0.427803 -0.688119 0.469903 -0.135699
来到 -1.900762 0.658561 -0.151006 0.735389 0.745104 -0.715933 0.856140 -0.556045 -0.763179 0.661812
罗 0.021449 2.542670 0.850273 1.334033 0.243171 -0.898933 -0.018874 -1.709170 -0.854064 1.687323
未 -0.174412 1.704183 0.430059 -0.465395 -1.784944 -0.081810 0.345963 0.001026 -1.030959 -0.299090
电力 1.373517 0.120837 0.170108 2.865119 -0.058494 -0.552505 0.597432 -0.703933 0.639168 -0.211758
黄 -0.363992 0.929406 0.230471 1.389567 0.659655 -0.733297 2.407908 -1.407457 -0.411399 1.149804
引起 -0.886683 0.488095 -0.590889 0.784839 -0.049425 0.541419 -1.363228 -0.251259 -0.444297 1.858761
检查 0.466823 -0.344560 0.987881 -0.454620 0.405045 -0.290149 -0.281946 -0.821292 1.069177 -0.578908
业务 0.896343 0.121542 -0.109252 0.444861 -0.093579 -0.159202 1.489148 -0.157616 0.087361 -0.176608
恩来 0.698427 1.868475 0.431483 0.194545 1.293757 -0.020651 -0.456102 -0.481438 0.394348 0.955701
使用 -0.357146 0.722984 0.531264 0.684799 0.602496 0.962200 0.638152 -0.636508 0.697142 -0.358748
令 -1.582966 -1.547704 -0.426033 -1.760337 0.970711 -0.010144 0.947747 0.173255 -1.332453 2.500826
逐步 0.027468 1.151128 1.403132 -0.287372 -1.225498 0.454262 0.195338 0.950962 0.205665 -0.885276
孙 -0.033451 1.964541 0.584794 0.171445 0.124200 -1.255641 1.587440 -2.414201 -0.263916 0.999642
即 0.136098 0.947305 -0.306318 -0.285263 0.199664 0.267579 -0.123472 0.631405 -0.882934 0.210371
知识 0.539277 -0.264047 1.094214 -0.233904 -0.073622 0.230873 0.460058 0.158767 -0.330368 -0.349240
队伍 0.633433 -0.705135 -0.008154 -1.560081 -0.239772 0.247935 0.674831 0.292363 0.750342 -0.228684
举办 0.073940 0.222601 1.115889 -0.947227 0.715449 -0.839914 -0.266463 -0.194308 -1.630950 0.936011
马 -0.945894 1.962658 -1.078713 1.119654 -0.523935 -0.719078 0.108186 -1.879128 -0.536984 0.589589
法国 -0.240576 -0.579686 -0.989901 -0.324891 -0.622510 -1.253935 -0.829014 -0.079579 0.584399 1.380850
或者 -0.515349 0.328857 0.593049 0.480004 0.816275 0.579021 0.198970 -0.555356 1.203809 0.759255
然而 -0.616543 0.408366 -0.817114 -0.606231 0.675987 0.873430 -0.168649 0.650329 -0.253643 0.143754
明确 -0.040785 1.169234 0.308925 0.658501 0.380553 0.525614 -1.838555 -0.521361 1.241430 -0.192252
话剧 1.004802 -1.065575 0.521474 -1.738645 -0.267532 -0.427023 0.092722 -1.431684 -1.014083 -0.135157
其琛 0.229747 1.897651 -0.280357 -0.903649 0.319323 -1.822517 -2.050960 0.463059 0.533319 0.399678
书 0.506472 -0.032643 0.153541 -1.168962 0.799792 -0.413237 0.287607 -0.596200 0.953832 -0.808354
证券 -0.407186 -0.213523 1.839527 0.809025 0.702654 -1.146639 1.171614 -0.371819 1.560640 -0.543319
拿 -0.650387 1.354184 -0.432816 -0.552894 1.100796 0.600644 1.645455 0.648849 -1.879024 -1.909074
经 -1.268565 0.643524 1.173549 1.262734 1.123197 -0.972295 -0.633672 0.030674 0.378287 0.354954
出来 -0.136689 -0.096283 -0.965453 -0.410484 1.009957 0.511604 0.052535 -0.477396 0.065031 -0.224106
林 -0.431588 1.798848 -0.184159 0.727856 -0.254679 -0.353481 1.511177 -1.450772 -0.786681 0.390901
能够 0.181040 1.480411 1.153009 -0.284410 -0.888344 0.430682 1.259734 0.946592 -0.762793 0.443983
党中央 0.128375 -0.193467 0.497244 1.042862 0.369179 -0.896203 -2.785338 0.716303 -0.319212 -0.042378
市委 0.494248 0.720870 -0.503692 1.574979 1.233765 -1.433026 -0.777981 -0.910020 0.503536 0.536579
之一 -0.421293 0.514381 -0.887651 -0.221080 0.448955 0.087334 -0.997598 0.531934 -0.568998 -0.337403
整个 -0.974443 -0.726234 0.366566 0.727980 -0.377012 -0.208914 -0.469128 -0.365243 -0.066136 0.444416
出席 -0.352182 -0.258223 1.054714 -0.376200 2.039557 -0.942932 -1.352260 -0.132634 -0.319711 1.211006
设备 0.317452 0.748170 0.194601 0.872115 -0.389585 -0.459749 1.257082 0.484080 0.013530 0.015523
友好 0.940354 0.400198 0.347592 1.204325 -1.854800 -1.390069 0.561626 -0.517102 0.946348 0.971129
真正 0.371876 1.040916 0.334130 -0.044338 -1.757358 0.408064 0.120992 0.964940 -0.518221 0.084324
平均 -0.385047 0.335110 -0.460007 1.817550 -0.049148 -0.831953 1.969403 0.125744 -1.523753 -2.013444
培养 1.328803 -0.453048 0.112360 -0.133214 0.270048 0.074191 0.750237 0.310545 -1.606768 0.205802
控制 0.198049 -0.335059 -0.101517 0.662969 0.111928 -0.445486 0.412054 -0.087621 -0.259880 -0.720630
当前 -0.678657 -1.170445 -0.454476 -0.503566 0.066386 1.074138 -1.672165 0.408264 0.244699 0.576466
速度 0.315640 -0.176482 -0.956364 -0.082322 -0.150390 0.778083 0.733952 0.578921 -0.135520 -1.560161
欢迎 -0.270258 -0.396996 -0.598536 -0.618845 1.576900 -0.930262 -0.663308 0.984205 0.453059 0.258418
反映 -0.585920 -0.921587 0.396647 0.428044 1.504501 0.382134 -0.596215 0.048628 -0.315332 -0.289004
所有 -0.703503 -0.247628 -1.046576 1.360480 0.747982 0.480544 -0.764929 -1.101920 -0.027949 0.856819
铁路 0.504591 -0.436406 -0.376732 0.351277 0.429830 -0.623454 1.978802 -0.046176 0.558729 0.252118
关键 -0.110222 -0.614473 -0.580308 -0.172025 -0.442717 -0.172641 -1.111037 -1.754052 -1.597689 -1.305955
首都 -0.944325 -0.912080 0.439667 -0.484947 -1.103855 -1.807871 -0.502862 -0.982833 -0.648660 0.925225
大型 0.178644 -0.947189 -0.427652 1.957776 0.462195 -0.331052 0.833212 -0.884913 -1.002630 0.305281
办法 0.979347 1.307440 -0.308229 0.100225 0.948675 0.469662 -0.393845 0.307913 0.157085 -0.470454
京剧 0.498803 -0.785669 0.863452 -1.446248 -0.431775 -0.085247 -0.634394 -1.352330 -1.580510 0.137379
效益 0.809571 0.663689 -0.379197 0.263874 0.411077 1.060332 0.599608 0.811217 0.091055 -0.914960
巨大 -0.467235 0.712010 0.353946 1.074591 -0.575390 1.113511 -0.188010 -1.142325 -0.742076 -0.738121
均 1.522244 1.718554 -0.282977 0.343285 -0.421226 -0.452472 1.097803 0.681546 -0.932887 0.049528
呢 -0.211964 1.074174 -1.664169 -0.267475 1.873570 0.871003 -0.020523 0.511413 -0.498307 0.106568
及时 0.466021 2.252905 1.576510 -0.048931 -1.052951 -0.679882 0.583839 0.135520 0.833626 0.225358
发 -1.901367 2.031846 -1.363482 0.644617 1.063945 1.026791 2.861594 -0.077914 1.121396 -0.809572
建 -0.240856 0.186527 -0.847368 0.365402 -0.485585 -0.011044 0.078248 0.106188 -3.311984 -0.478767
公里 -1.071415 0.439071 -0.659404 0.607090 -0.731803 -0.885380 2.029423 -0.064487 -0.277366 0.272914
销售 0.153704 0.071374 -0.702988 0.449740 -0.295465 -0.370724 1.715221 -0.443050 1.251585 -1.008364
交流 0.181230 -0.081025 0.838862 0.336666 -0.489254 -0.651215 -0.914699 0.478362 0.654977 -0.783764
随着 -0.770028 -0.851611 0.941463 0.360122 0.128646 0.502719 -0.050219 0.587393 0.071452 0.771199
节日 -1.677988 -0.879063 0.591954 0.121066 1.190509 -0.975381 0.356206 -0.718959 -0.623659 -0.580345
比较 -0.261475 0.267516 0.154023 0.231572 -1.963001 0.894230 0.763467 0.539723 -0.545305 0.099006
变 -0.425215 0.497412 0.282864 -0.495663 -0.047157 1.560051 1.193331 -0.832598 -0.410487 -0.567423
老人 -0.148545 1.183915 -0.593324 -0.444441 0.865947 -0.356706 0.459851 -1.215606 0.530303 -0.151914
汽车 -0.195682 -0.131015 -0.091783 0.735937 0.143468 -1.257624 1.560301 -0.885457 0.525655 -0.559791
何 -0.386532 1.279067 0.152583 1.739966 1.039750 -0.468172 -0.348081 -1.590562 -1.730377 0.808001
商业 1.020769 -1.074844 -0.060249 1.791604 0.209506 -0.253692 0.681754 -1.061007 0.559573 -0.080310
进步 0.409207 -0.249571 -0.063120 0.796873 -0.471840 0.131944 -0.605159 0.312864 -0.213735 -0.772607
表明 -0.881938 0.267858 -1.060911 0.265534 0.482467 0.652901 -0.770392 1.005036 -0.543976 0.417497
会谈 -0.678582 0.264340 -1.362911 0.039079 -0.170873 -0.939506 -1.362224 0.013834 1.436581 -1.408842
得 -0.252047 2.104430 -0.700382 -0.303790 -0.086608 0.987353 2.268122 0.955659 -0.542761 0.658336
联合国 -0.384948 -0.266324 0.743169 0.203674 0.100565 -1.531548 -1.193981 0.280662 1.226747 0.350378
旅游 0.583100 -0.623228 0.235753 0.554605 -0.450091 -0.845408 1.053349 -1.018427 0.662521 -0.006894
公安 0.297128 -0.537869 1.321848 1.701299 0.335365 -0.228912 -1.135289 -1.675884 1.275685 1.058589
还是 0.112567 1.185371 -0.329172 -0.937884 0.389042 1.125643 0.460302 0.687841 -0.348811 0.932119
有限公司 0.750634 0.223136 -0.085088 -0.080661 0.395888 -1.096612 1.125463 1.200670 0.900008 0.305162
完全 0.475983 1.527177 0.308640 -0.665857 -2.010033 0.344629 -0.560632 -0.986853 -1.374016 -0.270437
需求 -0.039158 -0.037529 -0.084028 0.088944 -0.660125 0.940189 0.496050 0.405131 0.071061 -1.025144
体现 -0.616468 0.008946 0.460736 -0.477131 2.073402 0.836791 -0.779662 1.073143 -0.733967 -0.241711
价值 0.687036 -0.600214 -0.614042 -0.228808 0.729412 0.185893 1.387254 0.687565 -0.110600 -1.167647
谈 -1.503833 0.139991 -0.978523 -0.565987 -0.658671 1.280673 -0.167914 1.160255 -0.988294 -1.620211
突出 0.245816 0.505252 -0.486255 0.102736 -0.494754 0.445680 -1.098858 -2.060768 0.208789 -0.724334
完善 0.313806 -0.739361 0.523973 0.672465 0.238063 0.719074 -0.276894 0.520577 0.003973 0.054360
协会 0.775646 -0.126843 0.248828 -0.325994 0.078120 -1.615035 -0.007113 0.864459 0.381897 0.122589
部分 0.720639 0.294086 -1.148593 0.488148 0.530568 -0.129369 -0.053237 -0.349514 -0.471053 -0.032270
委员 -0.054571 1.227597 -0.128450 1.657852 -0.215273 -1.510531 0.451239 0.702496 -0.236333 0.313765
近年来 -1.028915 -0.003916 -0.135445 -0.477475 -0.481579 0.062158 -0.372346 1.179037 0.116572 0.224951
正式 0.289022 1.709582 0.349076 -0.498061 -2.283532 -1.055687 -1.046216 0.099492 -0.955799 0.134992
初 -0.925067 1.104120 -0.964279 -0.089194 0.063173 -0.502391 0.072306 0.371604 -0.373503 0.264671
超过 -1.170886 -1.097098 0.329550 -0.002582 0.524789 0.254953 1.053981 0.850203 -1.406390 0.206890
处 0.313524 1.302395 -0.596844 0.944465 0.403593 -0.004075 0.717715 -0.344455 -0.760885 -0.777034
谈判 -0.523478 -0.203999 -0.069665 -0.339475 -0.456097 -0.535742 -1.601681 0.744927 0.782935 -0.732597
领导人 -0.271866 1.073602 -0.738325 0.402586 -0.023531 -0.911886 -1.410322 -0.609011 0.297930 -0.083117
一直 0.855457 1.748812 -0.064562 -0.356010 -0.465556 0.049769 -0.103528 0.230605 -0.630257 -0.978224
支 0.163856 0.613684 -0.109652 0.215386 -0.836022 -0.138916 1.265230 -1.325370 -1.339702 2.023248
因素 0.127796 0.479792 -1.425267 0.532184 -0.236272 0.317768 -0.204928 0.484290 -0.138033 -1.288605
全市 -0.129936 -1.731143 -0.585736 -0.553575 -0.115627 -0.805160 0.332506 0.271224 0.365134 0.927118
方法 0.463156 0.350501 -0.007627 -0.800187 0.057041 0.508261 -0.264640 0.436836 0.215997 -0.767893
菜篮子 0.587087 -2.814607 0.921626 -0.176007 0.692277 0.576621 0.963872 0.012560 1.519472 -0.676197
恢复 -0.249597 0.012851 0.510355 1.446057 -1.009955 -0.236613 -0.206413 0.561988 -0.324243 -0.079287
下午 -0.856279 1.644023 -0.565390 -0.843515 -0.088309 -1.355273 -0.375091 0.870135 -1.386923 0.378139
连续 -2.280187 0.082688 1.930419 -1.828590 0.357649 0.363447 -0.309239 -0.188046 -0.585850 -1.193931
各国 0.022233 -0.225332 -0.585494 0.542030 -0.836184 -0.443806 -0.486091 0.645246 1.367687 0.647044
合理 0.670283 0.863640 0.858536 1.221907 -0.463299 0.625900 0.693865 -0.256319 -0.612715 -0.074631
转变 1.023232 -0.551377 0.134304 0.310894 0.805849 0.812537 0.364506 1.157815 -0.485424 -0.567805
之后 -1.267144 0.365842 -0.736523 -1.018041 0.162896 -0.271715 -0.539586 0.193759 -0.223235 0.109711
外交 1.357054 -0.312878 0.238955 1.086375 -0.801655 -0.507692 -0.926832 -0.242121 1.509632 -0.864259
部 1.144281 0.592473 0.030546 0.575786 1.083920 -0.450148 0.270818 -0.689310 -0.967596 0.586129
内部 0.018010 0.483014 0.902655 0.450506 0.131850 0.294391 0.272028 -0.306685 1.598984 0.201020
关注 -0.494462 0.122697 -0.792002 0.587643 0.862137 0.530200 -0.642057 0.321683 0.506624 0.575108
只有 -0.519880 0.987687 1.177199 -1.267506 0.547076 1.320103 0.020223 0.984116 -0.980554 0.049212
意见 0.168627 0.547529 -0.868601 -0.215574 0.882715 -0.161936 -1.142308 0.459914 0.878909 -0.760343
而是 0.007804 1.214385 0.228799 -1.155002 0.190001 0.951601 0.040550 0.846929 -0.699819 0.538484
手 -0.548186 1.799038 -0.603170 0.143762 0.210603 -0.112771 0.616668 -0.917927 -0.048724 -0.644034
土地 0.054027 0.165025 -0.008375 0.221599 -0.983877 -0.701328 1.375594 0.066845 -0.051384 -1.360556
未来 -1.370418 -0.528627 0.334552 -1.014949 -0.395794 0.198154 -1.265715 -0.631047 -0.331167 -0.256335
适应 -0.774165 -1.616495 0.891662 0.614368 0.206199 0.374476 -0.771005 0.337231 -0.426891 0.157696
现实 0.761504 -0.583187 0.719016 -1.126904 -0.967874 0.216055 -0.577991 -1.818361 0.396273 -0.231523
时候 -1.148478 0.402268 -1.319454 -0.391280 0.620435 0.029438 -0.491153 -0.003374 0.028658 -0.203383
从而 0.956151 1.128446 0.218644 -0.075044 -0.748996 0.310850 0.571746 2.469615 -0.285604 -0.699784
状况 -0.256155 0.825814 -0.592057 -0.085431 0.248466 0.899548 0.373589 0.773623 1.356211 -1.517265
见 -1.279424 0.311979 -0.386954 -0.975050 1.241277 0.660118 1.340411 -1.298467 -0.391433 1.163492
依法 0.567882 2.330891 0.747919 1.140968 -0.347808 -0.126657 0.539086 -0.276734 0.954239 0.685897
请 -1.474965 1.265949 -0.377484 -0.329068 0.836942 -0.118134 1.532905 0.058258 0.506647 0.761331
国民经济 0.799785 -1.682113 0.599765 0.228027 -0.844718 1.008535 0.230521 0.474704 0.267701 -1.400744
改变 -0.939529 -0.100691 -0.347235 0.427908 0.618462 1.090031 -0.122673 0.680545 -0.232003 1.002629
关心 0.232625 -1.255131 -1.566746 -0.341430 0.966359 1.522853 -0.854509 -0.216878 0.878434 0.775530
意识 -0.025888 -0.516045 0.438168 -0.537888 0.093831 1.742658 0.533890 1.045987 0.247052 -0.788768
劳动 0.819899 0.667190 0.400152 0.500702 0.251479 -0.140849 0.343096 0.031381 0.088929 0.152747
一切 1.409512 0.709407 -0.354380 -0.040715 0.643095 1.247345 -0.675027 -1.022872 -0.247030 0.705519
小平 0.299049 0.920428 0.791979 1.099693 2.619309 0.226969 -0.714843 -1.069755 0.657173 0.192767
虽然 -0.630857 0.772694 -1.801834 -0.118318 0.108514 1.081561 0.275597 0.459551 0.288123 0.624269
建成 -0.439360 -1.827233 -0.753357 0.055511 -0.073520 0.167407 0.019057 -0.265094 -1.805298 -0.196818
一月 -1.442315 1.421208 -0.122770 1.301875 0.023849 -1.467763 -0.731773 -0.669133 -1.258647 0.684063
节目 -0.144207 -0.705984 0.317424 -1.683779 0.301917 -0.492050 0.624165 -0.518848 0.374947 -0.883920
安排 -0.161050 -1.643047 -0.803730 -1.127190 -0.011397 0.565783 0.477000 -0.294136 -0.315935 0.599639
反对 -0.422184 0.494749 0.224154 -0.029719 -0.626962 -0.498443 -1.564767 -0.035682 0.381495 2.040040
任 0.174308 0.431114 0.251676 0.885117 0.905262 -1.144888 -0.182151 -0.938602 -0.386844 1.323716
德国 -0.099397 -0.640471 -1.236245 0.206578 -0.445437 -1.313935 -0.577837 0.533750 0.269906 1.374446
严格 1.270395 1.866879 1.682314 0.784124 0.165124 0.589746 0.185474 0.118325 0.604837 0.403836
基金 0.396702 0.705673 0.783611 0.574752 0.915087 -0.099622 0.732306 0.929684 1.545048 -0.457797
谁 -0.154203 2.124329 -2.041061 -0.393315 0.365933 0.706139 1.603710 -1.896841 1.571310 -1.494975
集体 0.976214 0.659431 -0.535415 1.875997 0.654573 -0.249330 0.307316 0.591681 1.080901 -0.167124
交易 -0.129884 -0.515050 0.640542 0.098263 0.233587 -0.091465 0.740548 -0.676591 1.114187 -0.874622
教师 0.563443 -0.768078 -1.444106 -1.718960 0.148469 0.325768 0.622902 0.223648 0.931780 0.429837
军队 1.027642 -0.858526 -0.867107 0.026691 -0.832908 0.036735 -0.622622 -0.214609 0.401092 1.027930
选手 -0.124515 1.713592 -1.175185 0.129117 0.363922 -1.358380 0.639308 -0.459144 -0.249489 -0.287253
批准 0.081908 0.663999 -0.522119 1.015257 0.275000 -0.604537 -0.038149 0.949160 0.028459 -0.392087
维护 -0.542539 -0.084422 0.240101 1.543352 -0.612387 0.141374 -1.463861 0.397090 -0.045222 0.878872
正确 0.464858 1.313414 1.424394 -0.196736 -1.387878 -0.047679 -1.197017 -0.190839 -0.576871 -0.839461
程度 0.246919 -0.010234 -0.550066 -0.133571 -0.812664 0.586580 0.492584 0.546820 0.254767 -1.631455
突破 -0.123808 -0.377211 -0.087610 0.489881 0.916066 -0.260566 0.248677 1.005595 -0.897690 -0.838484
感到 -0.358172 1.664730 -0.136930 -0.089153 0.687516 1.148231 -0.837641 -0.427676 -1.176080 1.001430
党委 1.025816 0.949203 -0.554654 1.503670 0.765808 -0.130037 -0.927067 0.552663 0.014064 0.168310
风险 0.472278 0.260614 -0.016489 0.978025 -0.071687 1.040795 0.471853 -0.075146 0.763420 -1.123264
人类 0.195884 -0.567093 0.389641 -0.441768 -2.003430 0.142230 0.659196 -0.941037 -0.547330 0.972175
观念 0.647620 0.611245 0.073783 -0.088273 -0.173602 1.130447 -0.049786 -0.183772 0.506013 -0.484043
村 0.804137 0.607887 -0.640409 1.329236 0.835515 -0.452097 0.362618 0.218358 0.168249 0.141522
典型 1.316844 -0.221022 0.530047 -0.671858 -0.228567 -0.023042 -0.953881 -0.322509 0.649830 0.045664
广泛 -0.284647 0.262353 1.062991 -0.378700 -1.341821 0.313300 0.400191 0.218722 1.770705 1.164631
下降 -1.678047 -0.921132 -0.101675 0.259645 -0.473211 0.292457 0.510106 0.085400 -0.555193 -1.502428
自然 0.592928 0.810472 -0.236661 0.205355 -0.592497 0.973835 0.758963 -1.046450 -0.722147 -1.170427
１９９５年 -0.796389 0.304562 -0.934122 0.611265 -0.322110 -1.140391 -0.620439 0.102973 -1.731527 -0.742582
越来越 -0.566500 1.215647 -0.988000 0.243692 -2.515833 1.831632 0.369127 0.767687 -0.712003 0.147871
靠 -1.028612 -0.010904 0.821644 -0.128523 0.898654 1.085133 0.751841 0.084135 0.038169 0.878376
越 -0.948437 0.521020 -2.589678 1.225265 -2.109008 2.036400 0.315372 -0.374219 1.060812 -0.449421
著名 0.439855 0.304520 -1.111244 1.092664 0.812544 -1.409865 1.253394 -1.118332 -0.672688 1.633815
座 -1.123913 0.235597 -0.645046 1.481209 -0.685383 -0.095298 1.117735 -0.546632 -1.032363 0.323314
迅速 0.375736 0.824108 1.750539 0.111114 -0.788977 0.390359 0.738330 0.556363 0.579775 -0.625832
学 -0.205679 0.163759 1.189639 -1.024286 0.731476 -0.005349 2.622578 -1.721324 -0.525681 0.909180
建议 0.330626 0.729258 -0.469924 0.045513 0.299625 -0.098477 -1.026400 0.583837 -0.016096 0.093837
原 0.282286 0.318486 -0.463764 0.675683 1.201082 -1.500625 -0.701988 -0.678367 -1.579578 -0.367300
话 -0.246169 1.772157 -1.020277 -0.210031 1.149052 0.153983 -0.565158 -0.470980 0.649786 -0.815680
回 -1.446723 0.292530 1.212804 -0.060836 0.404985 0.109291 0.876654 -1.367066 -0.427629 0.417667
进展 0.009540 -0.418022 -1.564895 0.097556 0.560753 0.803876 -1.469138 0.857432 0.386658 -0.590432
太 -0.834088 0.600162 -0.518017 0.115916 -2.333475 1.484981 1.583096 -0.189109 -0.460674 -0.642546
组成 0.363073 -0.849484 -0.327830 0.435105 -0.011146 -0.642123 0.002945 -0.432884 -1.857247 0.201825
道 -1.032671 0.832405 0.387187 0.149194 0.827413 -0.015128 0.424981 -1.002558 -1.203467 -0.661113
金 -0.277436 0.988800 0.778574 1.224276 -0.348101 -0.716173 0.440872 -1.299939 -0.845201 0.472030
基地 0.431040 -0.741646 0.224953 -0.761568 -0.156685 0.043598 0.821193 0.588804 0.764156 0.158746
运行 -0.119863 -1.215613 1.118116 -0.351212 0.229544 1.184279 0.600831 -0.406577 0.606331 -0.968009
救灾 0.904743 -1.073389 0.960564 -0.980848 -0.339821 -0.848855 -0.514463 -0.496151 1.313722 0.256034
粮食 -0.254868 0.936166 0.160773 1.815427 -1.543182 0.399972 1.542103 0.644369 -0.507854 -0.387729
人士 0.388638 0.677747 -1.091001 -0.593886 0.651074 -1.068893 -0.714507 -0.953373 0.755588 -0.134830
事件 -0.825137 0.032153 -0.173558 -0.654293 0.236464 0.267695 -0.008069 -0.196200 1.118975 -0.978401
官兵 0.814275 0.903494 0.011856 -1.321659 -0.206145 -0.018490 0.591667 -0.520264 0.581868 1.338060
选择 0.080316 -0.132582 -0.542844 -0.844919 0.212592 0.298316 0.840696 -0.353857 -0.207366 0.194928
规范 0.423230 0.273574 0.195364 1.082359 0.491088 0.441460 0.005311 0.607103 0.506867 -0.173277
非常 -0.323778 1.206440 -0.399435 0.200736 -1.873858 2.073418 -0.166523 -1.038501 -0.685555 1.114560
保障 0.028284 -0.822803 0.267469 0.387783 0.829032 0.595782 -0.300444 0.143529 0.263136 0.587565
小组 1.485764 0.011817 -0.309002 -0.729239 0.390737 -0.674566 0.384490 0.478290 0.568430 0.329255
面积 0.354788 -0.846520 -0.950522 -0.059056 -0.935494 -0.357730 1.802310 1.691218 0.058998 -0.741017
早 -0.019837 1.431591 0.402046 -2.020164 0.908060 -0.110091 -0.797870 1.365602 -2.099588 -0.703169
[中共中央 -1.409242 0.473288 0.722375 1.389259 0.430904 -1.776288 -0.797723 -1.008826 -0.386370 2.054403
设计 0.633488 -0.028058 -0.210232 0.298289 0.397493 0.497733 1.111542 0.282567 0.310898 0.061958
全省 -0.712169 -2.572579 -0.674184 -0.925860 -0.513139 -0.833931 -0.126410 0.134086 0.080086 0.965271
范围 -0.363978 0.907468 -1.691909 0.513022 -0.019769 0.067808 0.114755 -0.320677 2.340822 -0.715303
站 -0.365294 0.904055 -0.281171 -1.937118 1.698419 -0.682719 -0.553237 1.781517 -1.050862 -2.329835
形象 0.531124 0.281118 -0.140428 -0.793167 0.213225 0.687700 0.195600 0.005251 0.264016 -0.128073
另 1.439302 0.012470 -0.464766 -0.890251 2.153923 -0.276867 0.312713 -0.602537 -3.451963 0.157794
确定 0.012331 -0.494373 -0.137663 0.152836 0.611752 -0.265441 -0.654171 0.199694 -1.126033 0.214749
慰问 0.284490 -1.851415 -1.061723 -1.297427 1.552468 -0.435251 0.456383 0.458445 1.069116 0.890719
损失 -0.503956 -0.274128 -1.352323 0.184367 0.543805 0.235987 0.750685 -0.209782 0.649723 -2.127440
省委 0.759054 0.524310 -0.432707 1.285100 0.861595 -1.553392 -0.752568 -0.885221 0.292015 0.115326
协议 0.180622 0.311637 -0.904269 0.385715 -0.063814 -0.618712 -0.404158 0.671227 0.649079 -0.725945
多少 0.284403 -0.029891 -0.324524 -1.074030 1.655561 0.851175 1.265399 -1.361460 -0.720851 0.927223
探索 0.677393 -0.559746 0.987193 -0.404808 0.606641 0.876924 -0.383472 0.568024 -0.473413 -0.763001
面临 -0.297210 -0.349107 0.313804 0.943936 -0.028073 2.525143 0.019530 -1.139866 0.050455 0.061115
切实 0.590960 1.930208 1.317852 0.430250 -0.527167 1.475753 -0.059466 0.945233 -0.168576 0.790057
拥有 -0.454200 -0.207052 -0.210124 0.275305 -0.087806 0.570754 0.472883 0.294825 -2.112566 0.594701
[美国 -0.265349 -0.460077 0.536042 2.294711 0.853420 -0.721636 0.156382 -0.043676 -1.156831 0.047333
宏观 -0.419825 -0.686155 1.692860 2.427259 -1.379941 -0.248687 -0.530215 -0.585955 0.280773 -0.151408
朋友 0.089377 1.320271 -1.006603 -1.120883 0.878526 -0.310599 0.384134 -0.826240 0.880117 -0.138861
尤其 1.135079 0.266671 -0.623402 -1.697381 0.141713 -0.109225 -0.658075 -0.086225 -1.529618 -1.490464
份 -0.815794 1.726776 1.809155 0.648708 0.636714 -0.002445 -0.623529 -0.760148 0.020925 -0.378346
相互 0.325979 1.388854 1.512265 0.991822 -0.995198 -0.821801 -0.418576 0.542063 2.247986 0.389216
改造 0.690809 -0.990002 0.091524 -0.105009 -0.219863 0.859080 0.335498 0.346404 -0.419630 -0.184345
最高 0.645722 1.153023 0.152056 1.389224 -1.211834 -1.009996 1.027222 -0.281119 -1.815714 -0.836220
先生 0.118072 1.124739 -0.474740 -0.498309 0.785044 -0.380739 0.043240 -0.207265 0.943058 -0.178273
今后 -1.568339 -1.079120 -0.406196 -1.439639 -0.402557 1.024487 -1.478341 -0.129843 -0.377108 -0.374692
快 -0.275368 -0.259305 -0.269244 -0.571920 0.437657 0.531022 1.124410 -1.125864 -0.299192 -0.676165
做好 0.296928 -1.299160 1.269308 -0.760656 0.817529 0.129475 -0.500125 0.295946 -0.102918 1.057611
韩国 -0.500123 -0.779916 -0.328740 0.480921 -0.665597 -1.486120 -0.424249 1.122885 0.636268 0.124232
成员 0.977933 0.617743 -1.101162 -0.504475 0.367440 -0.744461 0.178090 -0.145434 0.929155 -0.833811
面对 -1.238549 -0.845271 0.721371 -0.117318 0.990631 0.482300 -0.041619 -0.089814 0.217625 0.520244
区域 -0.140049 -0.494207 0.794325 2.015654 -0.912276 -0.051045 -0.729386 0.519513 0.047947 -0.434447
股市 -1.030171 0.400961 0.057907 0.541065 -0.942388 0.472068 1.235604 -0.484667 0.993156 -0.909881
[上海 -0.738517 -0.875477 -0.298717 1.711478 -0.095558 -1.955993 1.388411 -0.815846 -0.757428 0.565322
重 -0.376782 1.076774 0.368087 0.327083 -0.822275 -0.215536 0.919021 -0.980254 -0.820805 -0.461961
底 -1.387962 0.118935 -1.334084 0.237254 -0.515137 -0.808193 -0.402399 0.641976 -0.152672 -0.125133
近日 -0.340509 1.178295 -0.021499 -1.005647 -0.789115 -1.345590 -0.205636 0.931522 -0.215465 0.201418
专业 0.949013 -0.772679 1.374011 0.018280 -0.019106 -0.710790 0.775774 -0.488144 -0.141716 0.701069
深化 -0.039909 -1.380839 0.962215 0.918051 -0.159213 1.255104 -0.354301 0.942655 0.757761 -0.102943
坚决 0.782184 2.417450 1.062351 0.821278 -0.971496 0.094634 -0.845272 0.851575 -0.098092 1.475910
人物 0.169875 0.722551 0.526899 -0.466711 -0.044256 -0.187803 0.467420 -1.124739 -0.787921 -0.649330
重新 -0.491104 2.027959 1.142840 0.649263 -1.307121 0.585660 0.079203 -0.057973 -0.014994 -0.458268
丰富 0.875866 0.070365 0.358006 1.296152 0.229369 0.919946 0.006450 0.047550 -0.784141 0.563017
给予 -0.786023 1.716311 0.129427 0.212991 0.142371 1.433732 -1.366001 -0.141678 0.279940 2.494663
有人 0.570798 2.740799 0.708176 -1.222815 0.375196 0.180453 0.336235 -0.354318 0.920946 0.390379
[人民 -1.623422 -1.534785 1.397071 0.404376 -0.125618 -2.357232 -0.892642 -1.501755 0.502828 0.986986
市民 0.781937 0.824043 -0.252985 -0.656701 -0.069259 -0.620220 0.688121 -1.140009 0.568428 0.474063
趋势 -0.885020 0.102399 0.040304 -0.986501 -0.186834 0.583772 -1.032489 0.165777 0.621870 -1.025273
部署 0.385765 -0.589786 0.245047 -0.260425 0.788307 0.104627 -1.440283 1.157474 0.262071 0.148191
天气 -1.501827 0.269527 1.000752 -0.511584 -1.013880 0.197239 -0.363211 -1.978557 0.009349 -1.868642
问 -1.750117 1.427462 -0.949681 -0.287633 1.289208 0.366673 0.420158 0.187005 -1.312153 0.372094
爱 -1.979149 1.419328 0.078148 -1.260144 0.666327 1.166726 0.283025 -0.870993 0.616621 2.022679
汇率 -0.140052 -0.855509 -0.065384 -0.138574 -1.013190 0.291230 0.834265 0.010563 0.995786 -1.650789
以色列 -0.517140 0.566529 -1.286483 0.096031 0.175152 -0.906537 -0.933031 0.566711 2.013281 1.288393
股票 -0.962889 -0.370600 0.701721 -0.072652 0.515251 -0.692932 1.630645 0.607091 2.417521 -1.808833
外资 0.921195 -0.234620 -0.360753 1.181242 0.225011 0.689256 0.690547 0.436151 0.399399 -2.071306
顺利 -0.151638 0.592993 1.257969 -0.046627 -1.777567 -0.856568 0.496529 1.027154 0.176295 0.046695
尽管 -1.080108 0.068698 -0.534836 -0.257492 0.056486 0.671244 -0.290254 0.175958 0.370976 0.478507
协调 -0.010388 0.106791 0.394096 0.981474 -0.479889 1.937822 -0.778673 0.156753 1.593024 0.354390
片 -1.021342 0.468779 0.502779 0.838502 -0.410544 0.003381 1.760460 -1.439721 -0.101703 0.535975
先 -0.134497 1.585031 0.873074 -0.741302 -0.188366 -0.695292 1.657338 0.168654 0.378205 -0.290069
快速 0.018434 0.144454 1.849296 1.047911 -1.373548 1.697668 0.340087 -0.282203 -0.293224 -0.861106
套 -0.176599 -0.247832 -0.100241 0.747191 -0.088020 -0.455546 1.243416 -0.939817 -1.444491 -0.005820
卫生 1.056343 0.078865 0.597229 0.058918 -0.593347 -0.747371 0.602230 -1.807217 1.118354 0.946865
下乡 1.141194 -0.999229 0.685952 -1.122014 0.569078 -1.018064 0.521963 -0.997809 0.311223 0.031774
道路 -0.591707 -1.138976 0.059673 -1.387596 -0.754986 0.316536 0.344612 0.269808 0.432029 -0.795450
石 -0.170058 2.305393 -0.216761 -0.862054 1.505473 -1.558570 -0.078337 0.130460 0.502247 1.193744
知道 -1.540312 -0.028765 -1.139590 -0.493050 2.145209 0.776243 -0.600896 0.696046 -0.970420 -0.029890
区 -0.768498 -0.679790 -2.560395 -0.030945 -0.851584 -1.157078 0.364294 -0.901863 0.603188 0.003277
综合 0.865156 -0.886574 1.868135 0.115654 -0.675061 -0.199679 0.583125 -0.110358 0.290680 0.299168
整体 1.000417 -0.260727 1.083074 -0.083265 -1.410840 0.525800 1.053737 -0.483007 -0.287203 -0.584168
手段 0.432607 0.324805 0.249641 -0.224343 0.607298 0.832236 0.523763 0.627608 0.780812 -0.693244
上午 -0.354627 1.479244 -0.367660 -0.483887 -0.213658 -1.717700 -0.291873 0.348287 -1.062462 0.595818
克林顿 0.506104 1.153747 -0.752317 0.143618 -0.686442 -1.369384 -1.593107 0.488296 0.667910 0.188413
如今 -1.409069 -0.857189 -0.806703 -1.168427 0.664987 0.056679 -0.086450 0.183661 0.745794 0.237095
正是 -0.697302 0.673673 -0.485272 -0.648753 0.782240 1.558069 -0.331014 1.513159 -1.166714 0.315206
妇女 0.284516 1.085261 -0.395158 -0.074546 0.162221 0.140108 1.388619 -0.663587 0.292494 0.422108
只要 0.084889 0.937404 -0.553208 -1.381174 0.708959 0.741310 0.072350 1.637695 0.174223 1.091627
深 0.263736 1.052926 -1.148610 0.447768 -0.295328 0.313592 1.199270 -2.321832 -0.450203 0.857314
方 0.354546 1.946234 -0.105171 0.053974 -0.961680 -0.821786 0.860430 -1.586589 -1.115585 0.764401
生命 0.591029 1.283653 1.037548 -0.292593 -0.265842 0.674721 0.668489 -1.237057 -0.682230 -0.130828
号 -0.976536 0.748028 0.134052 0.468326 -0.415251 -0.875134 1.151320 -1.147373 -0.042375 -1.146054
泰国 -0.645603 -0.964761 -0.573292 0.569550 -0.400817 -1.104583 0.017354 0.669856 0.703805 0.530926
电子 0.491032 -1.059357 1.065487 0.620243 1.094339 -0.526155 1.657335 -1.200108 0.393346 0.270234
繁荣 -0.046120 -0.845642 0.432950 -0.252232 -1.303595 0.309084 -0.494107 0.680549 0.212379 -0.532276
民主 1.459856 0.241409 1.063818 1.365556 -1.415878 0.079240 -0.774794 -0.317043 0.434515 1.258438
局面 0.099030 -0.181974 -0.922895 -0.876783 0.108789 0.126956 -0.369332 0.869559 -0.462499 -0.555434
推广 0.796477 -0.409891 0.299983 0.208740 0.356858 -0.441663 0.929872 0.322298 -0.373580 -0.061288
外长 -0.931121 1.303684 0.140283 -0.475598 1.081332 -2.098567 -1.381960 -0.367918 0.027277 0.050765
外国 -0.546849 0.210319 -0.804893 1.996456 -0.464144 -1.248216 0.074990 0.077175 0.777855 0.534291
往 -2.484574 -0.506377 0.552797 0.069109 1.279823 -0.995535 1.612205 -0.422562 0.327030 0.515555
兼并 0.296400 0.199885 -1.117554 1.188434 0.753248 0.443404 0.601080 -0.075493 0.997335 -0.922679
目的 1.093324 0.331184 -1.024003 -0.475467 0.162318 -0.201175 -0.741541 -0.605687 -0.443303 -1.291891
同胞 1.080953 -0.016009 -1.377341 -0.487896 0.400186 -0.034853 -1.262411 -0.178217 1.339149 0.341556
韩 -0.950406 1.954486 0.619935 1.120152 -0.386700 -0.679766 0.290296 -1.232581 -0.516943 1.202976
特点 1.371026 0.642046 -0.700306 0.180048 0.574992 -0.027130 -0.338288 0.525485 -0.031942 -1.211265
温暖 0.448345 -1.012268 1.207392 -1.488170 0.646739 -0.003711 0.866454 -1.332627 1.494333 0.950211
科研 2.320567 -0.850162 1.642388 0.156328 0.791460 -0.439630 -0.094356 -0.577568 0.242747 -0.306733
１日 -0.936038 1.105111 -1.577780 0.063183 -0.611774 -0.277454 -0.722523 0.321629 -0.819452 -0.448199
相当 0.062817 -0.649481 -1.703373 0.148122 -1.713017 0.218698 1.205510 -0.278109 -0.764637 -0.440150
那些 0.464179 1.395324 -0.760707 -0.094016 0.062074 1.060363 0.721077 -0.601062 -0.852378 1.739933
是否 -0.093052 0.478932 -0.220364 -1.783859 -1.057288 1.035503 0.359368 -0.219173 0.522352 -0.607630
矛盾 1.663415 0.347582 -0.948793 -0.185770 -0.213203 0.222210 -0.723429 0.661022 0.326245 -0.780933
一致 0.433526 1.255032 -0.631616 -0.598919 0.175165 0.062733 -1.598817 -0.885872 0.334292 -0.265339
机会 0.038779 0.450075 -0.454205 -0.890893 0.501504 0.333451 0.043011 0.400091 -0.177692 -0.498193
东南亚 -1.508578 -1.690527 -0.868030 1.055218 -0.678604 0.469292 -0.721430 0.099236 1.292879 0.241049
１１月 -1.431871 1.092076 -0.605031 0.923534 -0.788223 -1.075004 -0.075917 0.546356 -1.172497 -0.179749
厂 -0.368494 -0.368254 -1.002149 -0.552035 0.341080 -0.253062 1.237345 0.470119 1.667459 0.206453
为主 0.028757 0.959522 0.526872 0.759467 -0.522622 0.127500 -0.322749 0.119944 -0.377587 -0.233296
股份制 0.399539 -0.402998 -0.733350 1.317892 1.161166 1.986747 0.051645 0.181362 1.456900 -0.340406
天津 -0.524742 -0.836995 -0.647936 -0.063211 0.289077 -1.053299 0.746143 -0.876807 -0.261620 1.364946
再次 -0.399903 1.938856 0.317441 -0.081075 -1.730646 -0.798948 0.027251 -0.457077 -0.069436 -0.016615
核查 0.583732 -1.055069 0.343115 0.117924 0.200234 0.203854 -1.074884 -1.595255 1.689587 -0.603938
分配 0.422416 -1.359879 1.628352 -0.122892 1.049057 1.724073 -0.008544 -0.616382 0.551500 -0.610117
南非 0.311515 -0.068644 -0.045059 0.318714 -1.353933 -1.515953 -0.150944 0.072632 0.270467 1.153096
军区 1.029902 0.810053 0.360724 -0.221331 -0.182983 -1.803532 0.848435 -0.749490 0.344309 1.752268
常委会 1.978301 -0.014804 -0.536144 -0.093113 1.113544 -1.986875 -0.156403 0.207178 -0.348266 -0.093746
旅客 0.110372 1.143440 0.128666 -0.183526 -1.012812 0.005213 1.032453 -1.161026 0.729291 0.315674
报 -0.514478 0.436959 0.933234 0.425160 0.417752 -1.510034 -0.283545 0.503922 -0.290039 -0.695405
乡 -0.781456 -0.152182 -1.733485 0.148664 0.372575 -0.191362 0.950194 -1.125662 0.019149 0.505656
上年 -0.164811 1.214424 0.521289 1.546532 -0.831946 0.453091 0.430269 1.989524 -1.689861 -1.630093
推出 0.007969 -0.825566 1.059929 -0.008893 0.935377 -0.107242 0.386268 -0.250065 -1.663854 0.332391
学者 0.803573 0.739888 -0.379398 -0.448755 0.732646 -0.787441 -0.182908 -0.941919 1.620685 -0.795216
仪式 -0.617696 -0.044256 -0.319908 -0.382095 -0.181406 -1.729911 -0.409935 0.942062 0.066901 -0.613545
注意 -0.177704 -0.262244 1.168395 -1.592779 0.118123 0.836637 -0.048913 0.589301 0.889476 -0.404505
彭 -0.310580 1.884264 0.380113 1.537783 1.381028 0.324271 0.903541 -2.667688 -0.995422 1.385602
武器 -0.134150 -1.527349 0.238886 -0.888207 0.373485 0.037696 -0.929886 -0.407838 1.554773 0.308568
消费 -0.083058 -0.252618 0.166397 0.467625 -0.347834 -0.010963 1.142529 0.250179 0.452938 -1.768138
电视台 -0.120324 -0.674938 0.476188 -1.299166 0.254489 -2.186137 0.472875 0.561125 -0.775729 -0.666140
符合 -1.143551 -0.370853 0.981737 1.127875 0.552562 0.746121 -1.082351 0.563582 -0.517600 0.734464
各界 1.733221 0.393915 -1.590133 0.513558 0.052258 0.055329 -0.612116 -0.142114 1.111121 1.721037
战士 0.178141 1.355177 -0.712162 -0.048332 -0.231654 -0.731191 1.058815 -0.639091 0.647843 0.674104
灾民 0.680663 0.564277 -0.216691 -1.682056 -0.182214 0.112883 0.891478 -1.579285 0.633304 1.038059
车 -1.081967 0.577157 -0.785205 -0.429362 0.666467 0.081284 1.306648 -0.371398 0.928222 -0.750889
人大 1.054823 -0.059444 0.110564 0.858091 1.110775 -1.927782 -0.309364 0.820426 0.733932 -0.800311
告诉 -1.914186 0.298955 -1.060925 -1.079036 0.215240 -0.980542 0.349584 1.767487 -1.408098 1.213271
有些 0.505756 -0.475121 -1.610098 1.283374 1.248188 0.429624 -0.528682 -1.379395 0.506678 0.568636
检察院 1.394356 1.527922 -0.197735 0.217582 0.631590 -0.637055 0.090164 1.450457 1.390767 0.186527
