1000 10
<UNK> 0.026124 0.070636 -0.181432 0.067561 -0.151940 -0.045242 0.063939 0.017852 -0.101750 -0.010141
在 0.590765 0.007208 -0.846006 -0.449501 0.902872 -0.578989 0.533284 0.050983 -0.220605 0.348594
和 0.322131 0.110417 0.078206 -0.142680 0.410611 -0.613069 0.142630 0.301005 -0.257559 0.129303
是 -0.163557 -0.168355 -0.266883 -0.157028 0.352274 -0.333124 0.032065 0.077136 -0.066169 0.085203
为 0.264708 0.028545 0.005706 -0.401392 0.541638 -0.324804 0.671668 0.141564 0.097985 -0.278276
有 -0.675847 0.832342 0.286504 -0.322934 0.612268 -0.280733 0.458503 0.198939 -0.614414 0.010432
不 -1.915333 0.623874 0.500321 0.810102 -0.363163 -0.346665 0.553748 0.700857 -0.875023 0.192352
上 -0.192949 0.207107 -0.373027 0.054565 0.107246 -0.173111 0.038970 0.114200 -0.077279 -0.187746
对 0.187514 -0.105357 0.252475 -0.785027 0.316425 -0.532514 0.284187 0.442723 0.082855 0.287426
中 -0.296466 0.164449 -0.124097 -0.149971 0.090282 -0.224415 0.030145 0.531531 -0.000783 -0.443847
发展 0.110135 -0.053388 0.004011 0.101159 0.421595 0.333116 -0.490923 -0.052018 0.009836 0.230278
这 -0.517943 0.410212 0.094997 -0.718590 -0.142870 0.510506 -1.219521 -0.803306 -0.269746 -0.451293
要 -0.485497 -0.151147 -0.603009 0.849848 0.579094 -0.325050 0.202077 0.282860 0.500365 -0.157639
与 0.443022 0.065229 0.200819 -0.638138 0.534986 -0.892777 0.098962 0.570310 -0.351178 0.048828
到 0.160547 0.002083 -0.369249 -0.372720 0.272726 -0.251989 0.458668 0.209766 -0.285000 0.219143
他 -0.377207 0.463504 -0.819635 0.192130 -0.330474 -0.279888 -0.216238 0.283792 0.239456 -0.281436
也 -0.733106 -0.261607 -0.414113 0.360762 -0.072721 0.005804 -0.497291 0.565194 -0.083830 -0.215216
人 -0.410993 0.073082 -0.236314 0.143376 -0.189681 -0.155820 0.074338 0.071659 -0.100317 -0.107103
经济 0.756379 -0.306584 0.169595 0.827392 0.236714 0.472987 -0.611401 0.413275 -0.810398 -0.005649
个 0.553932 0.455721 0.362054 0.094534 -0.151287 -0.455555 0.626554 -0.609485 -0.665769 0.273260
就 -0.913976 -0.238335 -0.060017 -0.021801 -0.229543 0.190096 -0.354688 0.837602 -0.172731 -0.389039
说 -0.377592 -0.054492 -0.356027 -0.544173 0.084230 -0.269468 -0.246534 0.107718 0.337743 0.602849
年 -0.096932 -1.038778 -0.445264 -0.220725 0.256662 0.220602 0.237165 -1.043500 0.148139 -0.516468
工作 0.030787 0.430863 0.207082 0.014320 0.346743 0.452496 -0.452718 -0.244265 0.610216 -0.720480
中国 0.058080 -0.471941 -0.167938 0.076228 0.358432 -0.791754 -0.750789 -0.074003 -0.551291 -0.371117
将 -0.492700 -0.703672 -0.809593 0.270269 0.379442 0.315600 0.129903 0.622663 -0.006301 -0.199323
以 0.038130 0.326970 -0.098797 0.047562 1.134928 -0.371367 0.905018 0.289069 -0.320914 0.462102
企业 -0.085059 -1.072533 0.329667 0.554595 -0.268295 -0.098984 0.363164 0.237095 -0.063923 -0.078878
新 1.137650 1.300840 -0.219363 0.176349 0.811830 0.567970 -0.214430 0.120542 -1.587845 0.574717
大 0.137749 0.089807 0.027154 -0.051541 0.275546 0.041125 0.046057 0.062834 -0.792745 -0.251853
记者 -1.557672 1.650546 -2.238832 -0.332256 -1.075714 -0.473043 1.350233 0.263676 0.357051 -0.724331
从 0.760086 0.615047 -0.983843 -0.080211 0.907434 -0.490964 0.574733 0.842352 -0.383654 1.351875
我们 -0.403945 0.063918 -0.159279 0.125976 0.029620 -0.490102 -0.408661 -0.071786 0.360125 -0.016698
都 -1.015089 -0.280996 -0.189774 0.447359 -0.119118 -0.069240 -0.499781 0.652721 0.033842 -0.340003
我 -0.600853 0.260252 -0.571439 0.170048 -0.229446 -0.353195 -0.023289 -0.135482 -0.116479 -0.142128
１月 0.027137 0.903257 -2.271128 -0.001330 -0.623721 -0.876799 0.423699 0.906022 -2.062840 0.279258
建设 0.210365 -0.129828 0.145087 0.317283 0.562250 0.476254 -0.465101 -0.367134 0.206292 -0.183796
国家 0.289355 -0.204097 0.015087 0.245937 -0.076725 -0.494883 -0.315012 0.184275 -0.001879 -0.091569
问题 -0.142993 0.269435 -0.224440 0.013452 -0.218550 0.225751 -0.304373 0.236632 0.446367 0.108146
市场 0.287051 0.173494 -0.117610 0.454802 0.045150 0.343901 -0.009074 0.639052 -0.220745 0.666919
已 -0.707106 -0.949105 -1.181598 0.661582 0.445705 0.288694 -0.049902 0.829950 -0.366360 -0.598515
来 -0.028215 0.208660 -0.282640 -0.053031 0.194832 -0.104127 0.422427 0.180387 0.136094 -0.140360
并 -0.709529 -0.346606 -1.146675 1.425551 0.122745 -0.224122 -0.547046 0.798682 0.028144 -0.378296
还 -0.822169 -0.303291 -0.609157 0.538138 -0.085415 -0.074936 -0.469799 0.775419 -0.016199 -0.446219
把 0.024155 -0.111697 -0.078368 -0.181085 0.490635 -0.482071 0.292378 -0.077709 0.020025 0.211705
元 0.008584 -0.325254 -0.369477 0.113962 -0.231470 0.397235 0.877834 0.501504 0.006613 0.205050
而 -0.347399 -0.088347 -0.478864 0.182110 0.108467 -0.150771 -0.118444 0.413341 -0.183748 0.216530
本报 0.013583 -0.991771 -2.131243 -0.907143 -1.446820 -1.528278 -0.191000 0.659079 -1.242280 -0.671076
能 -0.630335 0.038566 -0.723589 0.855486 0.406999 -0.126225 0.276350 0.654683 0.049318 -0.232287
后 -0.269864 -0.112959 -0.435060 -0.163482 -0.124636 -0.128956 0.085218 0.141012 0.169078 -0.189975
人民 -0.467458 -0.391688 -0.130468 1.015387 0.670710 -1.963415 -1.089388 -0.039478 -0.278179 -0.287407
他们 -0.275708 0.079133 -0.363823 0.291564 -0.039996 -0.343453 -0.151965 0.070712 0.144205 -0.249375
向 0.574383 -0.021477 0.148692 -0.946850 0.274253 -0.895820 0.631999 -0.064093 -0.006030 0.390345
了 -0.517462 0.191006 -0.354259 -0.263246 -0.181428 -0.113062 0.129547 -0.075703 0.054608 0.318517
进行 0.594218 0.151602 -0.668674 0.306580 0.679223 -0.403088 0.065795 0.033431 -0.439808 -0.056253
使 -0.095991 -0.398897 0.195057 -0.631212 0.169038 -0.379132 0.330007 0.103162 -0.045695 0.209598
又 -0.556299 -0.087027 -0.576488 0.361442 0.147013 0.004700 -0.228904 0.108283 -0.316941 -0.376956
多 -0.305194 0.157722 0.094559 -0.044635 0.264255 0.120982 0.220852 -0.321017 -0.354600 -0.210451
好 -0.133146 0.060344 -0.013391 0.047039 0.088141 -0.046051 0.165828 -0.153388 -0.072159 0.089137
下 -0.115109 -0.006154 -0.308285 -0.095737 0.180883 -0.082175 0.010801 0.043286 -0.012089 -0.017797
李 0.246775 0.810893 -1.259815 0.391107 -1.065456 -1.123037 -0.315365 0.679270 -1.642000 -0.609437
全国 0.303539 -1.230652 0.476749 -0.010487 0.032512 -1.161658 0.469197 -0.362620 -0.056085 -0.480261
改革 0.710925 -0.280803 0.173573 0.354358 0.647223 0.960148 -0.926444 0.164892 0.286842 0.045976
出 -0.273857 0.140930 0.021662 -0.143401 0.387565 -0.061315 0.315484 -0.142620 -0.538081 0.069485
电 -0.210132 -0.749314 -0.979354 -0.968755 -1.156800 -1.233945 0.603530 -0.014209 0.308517 -0.464516
张 0.159476 0.432340 -0.945148 0.142781 -0.737928 -0.682874 0.336188 0.239081 -1.160659 -0.325168
政府 0.185757 -0.284943 -0.271520 0.526578 -0.269002 -0.383591 -0.230863 0.357066 0.375774 -0.149955
于 0.556324 -0.030321 -0.735826 -0.193734 0.195001 -0.150730 0.388479 0.451975 -0.375512 0.391915
但 -0.580563 -0.075924 -0.312280 -0.364668 -0.218163 -0.279630 -0.128340 0.274485 0.363224 0.720062
社会 0.210207 0.012336 0.767443 0.863270 0.244171 -0.599393 -0.763221 0.997264 -1.133102 0.062844
我国 -0.085262 -0.869121 -0.112360 -0.099735 0.417283 -0.453153 -0.198696 0.085258 -0.311296 0.102374
地区 -0.067399 -0.532911 0.057839 -0.010767 -0.004136 -0.260486 -0.005261 0.266494 -0.065034 -0.133782
新华社 0.245279 -0.360823 -3.048228 -1.248995 -2.051931 -1.197477 -0.060528 0.790200 -1.398539 -0.148019
时 -0.388208 0.254671 -0.346639 -0.221629 -0.391424 -0.165789 0.045184 0.234771 0.297371 -0.176629
由 0.341242 -0.372307 -0.284429 -0.474956 0.029660 -0.494534 0.863919 0.638871 -0.054550 0.039981
公司 0.072763 -0.330353 -0.198062 0.169399 -0.160183 -0.075845 0.065756 0.080498 -0.020732 -0.204714
领导 0.185853 0.490820 0.392915 0.463768 -0.271236 -0.596736 0.276063 -0.524631 0.639544 -0.736766
管理 0.393598 0.269147 0.547594 0.644300 -0.251579 0.204264 0.277571 -0.169614 0.223119 0.131464
世界 0.177170 -0.193041 -0.492702 0.445231 -0.459068 -0.267096 -0.643740 0.211153 -0.416594 1.982331
次 0.350113 0.043413 -1.146117 0.064401 0.611096 -0.000247 0.079392 -0.508487 -0.094661 -0.294073
更 -2.418939 -0.075834 -0.503843 1.905998 1.038452 -0.943972 -0.764791 0.484949 -0.722096 0.208153
最 -1.580119 0.182925 -0.844642 0.987611 1.034592 -1.621081 -0.788706 0.366802 -1.177939 1.204498
关系 -0.111287 0.081114 -0.000093 -0.003548 0.290435 0.472569 -0.548206 0.236726 0.371360 -0.239934
活动 -0.006623 -0.106512 -0.025330 0.088423 -0.011247 0.200605 -0.017750 -0.034548 0.300781 -0.369219
高 -0.121782 -0.145991 0.166274 0.841499 0.323695 0.498257 0.616299 -0.412660 -1.303348 0.437054
美国 -0.027327 -0.346136 -0.209769 -0.166105 -0.415298 -0.726606 -0.626761 0.216904 -0.465146 -0.231562
王 -0.135498 0.079159 -1.344392 0.351327 -0.885055 -1.425174 0.402312 0.177313 -1.541029 -0.357008
北京 0.145124 -0.260663 -0.514421 -0.227386 -0.053140 0.024282 0.299523 0.005627 -0.128705 -0.381059
据 -0.188457 -0.323335 -0.858033 -1.148430 -0.060441 -1.602717 0.585062 1.632109 -0.545235 -1.558101
群众 -0.168118 0.196417 -0.274479 0.559485 -0.031741 -0.581014 -0.130705 0.015061 0.034419 -0.000313
名 -0.187767 -0.266441 0.130478 -0.129332 -0.357105 -0.912302 0.774282 -0.895504 0.174040 -0.274037
重要 0.286903 1.201163 0.518242 0.341631 0.005363 0.320055 -0.699393 0.730822 -0.687442 -0.165576
被 -0.082371 0.050861 -0.363662 -0.200316 -0.082327 -0.830044 0.448588 0.356484 -0.301240 0.015472
副 0.508618 0.677226 -1.151586 0.930687 -1.096649 -0.898446 0.299369 -0.908934 -1.121353 -1.256544
[中国 0.934906 -0.772430 -0.038841 -0.172110 -0.015831 -2.804999 -0.493344 0.393073 -1.049324 0.355062
起 -0.171127 -0.009974 -0.269409 0.053372 0.285691 -0.092802 0.263586 0.323548 -0.166779 0.200589
提高 -0.069455 -0.253795 0.682933 0.457426 0.736875 0.207182 0.742759 -0.376726 0.276614 1.179429
技术 0.238015 0.019303 0.645493 0.920230 0.287720 0.285688 0.439948 -0.372561 -0.516329 -0.255676
自己 -0.252903 0.135340 -0.127441 0.291202 -0.054441 -0.302605 -0.021672 -0.168264 -0.380221 -0.048155
没有 -0.583793 0.557948 -0.245081 0.098472 0.186784 -0.367204 0.288235 0.419591 -0.378265 0.078377
干部 -0.408214 -0.110304 0.133632 0.379849 -0.293251 -0.533915 0.381325 -0.378922 0.482837 0.266674
部门 -0.118306 -0.110525 0.005429 0.567581 -0.276461 -0.570314 -0.030440 0.316425 0.502465 -0.275346
很 -2.276669 -0.167630 -0.704580 0.912344 0.836275 -1.079839 -0.834994 -0.360830 -1.688222 -0.002440
给 -0.203016 0.082248 0.151740 -1.009394 0.261889 -0.729049 0.660129 -0.233672 0.202516 0.463915
职工 -0.233648 -0.056635 -0.101757 0.366507 -0.168593 -0.442075 0.301874 -0.131048 0.050363 -0.032375
国际 1.176029 0.363400 0.066820 0.642326 -0.039275 -0.158246 -0.844146 0.655441 -1.304894 1.114266
里 -0.281251 0.042754 -0.311305 -0.003824 -0.016727 -0.202974 0.068762 0.022224 0.021640 -0.065264
文化 0.319279 -0.294456 0.214067 0.827083 0.227482 -0.375157 -0.480877 -0.393376 -1.032979 -0.186430
会 -0.873988 -0.047869 -0.775695 0.603621 0.343515 0.133638 0.204831 0.906116 -0.046731 -0.186994
生产 0.039358 -0.313667 0.194808 0.500264 0.093786 0.192387 0.165464 -0.053884 -0.268962 0.192240
同志 -0.111679 0.347258 -0.835008 0.524043 -0.330986 -0.307284 -0.023508 -0.009388 0.372232 -0.117946
去年 0.213815 -0.932658 -0.751760 -0.396426 -0.202762 0.226199 0.285308 0.496041 -0.563817 0.160893
金融 1.218830 0.146571 0.857071 0.575312 -0.659113 0.471287 -0.123307 1.084257 -0.934850 0.623326
今天 -0.361736 -0.242818 -1.570112 0.071217 -0.372454 -0.167524 0.152815 -0.717768 0.772627 0.191395
种 -0.084882 0.273821 0.145802 0.349404 0.159797 -0.150800 0.008645 0.112719 -0.536439 0.158942
加强 0.623043 -0.368180 0.424259 0.591129 0.108321 -0.654656 -0.286637 0.085586 0.316155 0.456249
位 -0.022473 0.193419 -0.200874 -0.190905 -0.446270 -0.651817 0.281466 -0.384060 -0.337411 -0.065838
家 -0.257721 -0.429692 0.143268 -0.092245 -0.667397 -0.214272 0.331468 0.135350 -0.694688 0.066327
会议 0.665497 0.416906 -0.730238 0.294753 -0.704496 0.242264 -0.482248 0.462186 0.461054 -0.415220
组织 0.180245 -0.067727 0.183429 0.179072 0.133405 -0.299446 0.021337 -0.020702 0.089906 -0.220993
们 -0.355954 0.051138 -0.477792 0.334984 -0.094645 -0.523952 -0.173174 0.053988 0.112701 -0.229272
其 0.144212 0.241087 0.016078 0.292519 0.037404 -0.081345 -0.123003 0.249806 -0.448724 -0.003345
方面 -0.173281 0.130796 0.223519 0.030326 0.212784 0.008365 -0.155863 0.270382 0.254533 -0.558213
国 0.168761 -0.762606 -0.035147 0.019930 -0.118345 -1.185303 -1.212150 0.640365 -0.189909 -0.528465
党 1.749930 0.108288 -0.414044 1.493152 -0.052054 -0.925876 -0.701569 -0.687539 1.656210 0.310688
有关 0.862783 0.722463 1.200716 0.025272 -0.689977 -0.477384 0.226264 0.217176 -0.332232 0.024989
生活 -0.055870 0.191092 0.455928 0.608972 0.113564 0.401450 -0.139457 -0.296220 0.036646 0.328572
产品 0.196914 -0.649650 -0.087409 0.569897 -0.150908 0.327815 0.038328 0.220741 -0.471879 0.383617
人员 -0.202254 -0.045046 0.033907 0.293172 -0.261411 -0.124251 0.291529 0.276615 -0.032182 -0.252079
用 -0.250153 0.719885 -0.240182 0.196533 0.481732 -0.175103 0.562004 -0.151692 -0.474653 0.761958
研究 0.157538 0.229393 0.247088 0.020756 0.078213 0.342755 0.006298 -0.040729 0.167549 -0.362664
１９９７年 0.263771 -0.757276 -0.464419 -0.360562 -0.088493 0.312614 0.223806 0.359904 -0.384547 -0.084956
报道 0.084608 -0.185208 -0.841145 -0.416284 -0.120327 -0.137790 -0.063080 0.352370 0.200234 -0.208413
前 -0.262500 0.199064 -0.312944 -0.444848 0.088948 0.033080 0.082108 -0.073319 -0.218185 -0.581000
刘 0.026758 1.097607 -0.783620 0.399623 -1.098526 -1.723791 0.629773 -0.127598 -1.518483 -0.469309
主要 -0.556493 0.228365 1.713772 0.219006 -1.007458 0.573420 -0.934366 0.924844 -0.758623 -0.910134
增长 -0.593686 -0.817142 -0.015981 -0.037617 -0.241525 0.758695 0.223660 0.872068 -0.738397 0.740237
服务 0.158689 0.178750 0.025015 0.331885 -0.210303 0.135282 0.148504 -0.071986 -0.115565 0.123315
合作 0.234329 -0.090356 -0.002011 0.065492 0.015409 0.190940 -0.346940 0.441134 -0.047582 -0.200248
通过 0.348034 0.089690 -0.305187 0.213805 0.267469 -0.300586 0.261109 0.253128 -0.018005 0.189186
科技 0.930674 0.198455 0.611864 1.295966 0.246134 0.191931 0.289801 -0.568958 -0.957684 -0.536482
社会主义 0.543185 0.091975 -0.092677 0.974753 0.590417 -0.175389 -0.715866 -0.893124 -0.649903 1.491481
解决 -0.143888 0.297214 0.612028 -0.261825 0.105108 -0.321377 -0.046609 -0.057512 0.082504 0.495660
工程 0.135543 -0.307144 -0.441817 0.457018 0.135815 0.116617 -0.173970 -0.101505 -0.167914 -0.224003
农业 0.860317 -1.674809 0.338892 0.896019 0.132390 0.760589 0.432936 -0.430240 -1.180131 -1.127073
要求 -0.016789 -0.248122 -0.189531 0.026723 0.056643 -0.226394 0.094070 0.237349 0.434450 0.096675
表示 -0.509005 -0.051713 -1.035285 -0.890455 -0.505121 -1.759295 -0.732359 0.864411 1.021895 0.991250
可以 -0.459269 0.197083 -0.832526 0.632760 0.148657 -0.135978 0.293750 0.539963 0.288547 -0.100020
讯 -0.439370 -1.326166 -1.488034 -1.403872 -0.799316 -1.757395 1.045946 0.049007 0.406717 -0.910872
目前 -0.139391 -0.751622 0.046134 -0.311541 -0.202559 -0.085842 0.001551 0.182062 -0.128997 0.007055
实现 0.161491 -0.551104 -0.289351 -0.092075 0.428265 -0.041866 -0.045796 -0.213029 -0.294084 0.467213
各 0.393173 0.132267 1.305976 0.186108 -0.018277 -1.711138 0.056326 -0.145973 -1.246647 -0.547763
精神 -0.145375 0.183375 -0.286128 0.394404 0.303758 0.062457 0.075366 -0.090177 0.229515 0.049448
历史 0.327868 0.702961 -0.103854 0.641744 0.036014 0.362563 -0.923510 0.072496 -0.649131 0.683255
同时 -0.216685 -0.197690 -0.229300 0.083372 -0.175834 -0.346759 0.055885 0.474294 0.633852 -0.235128
及 0.328008 -0.020485 0.061663 -0.336377 0.279377 -0.774877 0.331170 0.410352 -0.258798 0.125621
银行 0.194174 -0.298644 -0.122363 0.334945 -0.404816 -0.103155 0.040598 0.663575 -0.142332 0.021199
教育 0.237468 -0.036637 0.352698 0.465946 -0.050306 -0.068712 -0.112396 -0.477641 0.012006 -0.157957
或 -0.164530 0.194808 0.000445 0.166462 -0.104627 -0.476205 0.309427 0.371972 -0.360664 -0.007434
农村 0.353993 -0.996758 0.541692 0.217561 0.011549 -0.653737 0.129675 -0.657462 -0.113394 -0.127957
成为 0.031274 -0.386194 -0.248442 -0.665639 0.724414 -0.394645 0.054196 -0.026509 -0.153680 -0.156539
政策 0.082762 0.185035 0.036069 0.313638 -0.068811 0.045349 -0.122085 0.383685 0.311690 0.016571
它 -0.353284 -0.095750 -0.211806 0.158062 -0.069343 0.116263 -0.377740 0.207908 -0.114397 -0.163268
举行 0.516102 0.352522 -1.377607 -0.421688 0.426080 -0.572980 -0.795469 -0.587358 0.255642 -0.164927
达 -0.293513 -0.040043 -0.004911 -0.655776 0.109783 0.355978 0.968399 0.400195 -1.011029 -0.121424
认为 -0.225966 -0.268584 -0.254702 -0.399251 0.105390 -0.234991 -0.319278 0.310052 0.492377 0.707171
这些 0.079276 0.495042 0.566303 -0.140418 -0.228095 -0.329656 0.107684 -0.152223 -0.480559 -0.010345
条 -0.123264 0.891835 -0.023458 0.139449 -0.446234 -0.223613 -0.333498 1.096218 -0.445542 1.028118
美元 0.082770 -0.433807 -0.309150 -0.015695 -0.255115 0.351065 0.276909 1.009225 -0.365303 0.295522
她 -0.468264 0.293254 -0.534171 0.033049 -0.260931 -0.296609 -0.025762 0.070227 -0.200065 -0.099207
主席 0.314514 1.077027 -1.471205 0.124526 -0.200296 -0.647588 0.413648 0.548956 0.241313 0.358737
可 -1.064063 -0.763441 -0.762004 0.585255 0.274873 0.205451 0.645482 0.250978 -0.224819 0.293224
这个 0.309958 0.655327 0.450993 -0.077593 -0.045456 -0.119825 0.136433 -0.331896 -0.498767 0.079293
水平 -0.007014 -0.034442 -0.191601 0.530082 0.246512 0.331745 0.026102 0.365350 -0.018955 0.389952
农民 -0.229499 -0.100947 -0.103745 0.611742 -0.088095 -0.582460 0.291002 0.228934 -0.181807 0.094688
图片 -0.076133 3.584991 -0.155587 -2.518196 -1.842627 -3.458164 0.886307 -3.835517 -0.271264 0.798185
单位 -0.021310 -0.471208 0.126904 0.435912 -0.542350 -0.254230 0.216864 0.229863 0.298425 -0.077205
同 0.290744 0.071966 0.018907 -0.835522 0.393104 -0.931177 -0.052140 0.405441 -0.068869 0.008170
情况 -0.187566 0.472650 -0.154955 0.015823 -0.164072 0.778485 0.167787 0.037670 0.569729 -0.066897
陈 -0.469358 0.658801 -1.537388 0.000356 -1.150800 -1.501866 0.695825 0.371554 -1.665758 -1.228130
建立 -0.265416 -0.397803 -0.015482 0.305385 1.104925 0.221386 -0.243021 -0.302135 -0.153264 0.405965
再 -1.280248 0.679900 -1.371754 1.741788 0.070686 0.093362 0.455696 0.020668 -0.557656 -0.662843
只 -1.628384 -0.403123 -0.434315 0.426460 -0.470921 -0.241091 -0.040690 0.703201 -1.111108 -0.296528
看 -0.331676 0.033589 -0.263699 -0.336033 -0.097447 -0.086219 -0.038501 -0.019045 -0.124022 0.322943
江 1.489251 0.859534 -0.274441 0.161578 -0.641228 -0.291986 0.449062 0.025934 -1.697663 -1.716040
积极 0.481085 0.673209 0.022133 0.678647 0.702989 -0.091242 0.352982 0.948620 0.178722 -1.066341
应 -0.428678 -0.424307 -0.781678 0.682653 0.251653 -0.539549 0.173411 0.764697 0.651147 -0.088536
提出 0.136066 0.379150 -0.295545 -0.031084 0.437284 -0.092657 -0.608368 0.063219 0.455786 0.035411
天 -0.110805 -0.267136 -0.854383 -0.240563 -0.095921 0.168731 0.044782 -0.667476 -0.103234 -0.153723
去 -0.182571 0.317861 -0.218439 0.049831 0.091631 -0.297269 0.260324 0.095796 -0.136757 -0.142665
人们 -0.622400 0.002098 -0.293813 0.300263 -0.172418 -0.703631 -0.277294 0.287051 0.039865 -0.073818
钱 -1.030196 0.067269 -0.618330 0.158981 -1.113924 -0.347603 0.627025 0.214857 -0.309121 0.760180
取得 -0.632303 1.575345 0.310823 0.986522 2.153802 0.271625 0.240483 0.264663 -1.573714 0.488675
小 -0.093609 0.338543 -0.458560 0.046264 -0.166415 -0.399174 0.423138 -0.124502 -0.518320 0.351399
投资 0.257465 -0.395454 0.296832 0.041631 -0.184169 0.595625 0.291833 0.338846 -0.418514 -0.171540
项 0.565467 0.306248 0.294092 0.156221 0.143693 -0.258830 -0.053877 -0.148914 -0.075019 -0.021944
进一步 -0.009939 0.154673 -0.279310 1.072292 1.270692 -0.055308 0.710113 1.376863 0.514378 -0.649472
民族 0.218031 0.737480 0.640614 0.419827 0.338158 -1.852526 -1.071083 -1.267245 -0.469677 0.169304
你 -0.575872 0.231194 -0.396492 0.071933 -0.238651 -0.217820 0.024185 -0.047668 -0.072962 0.045452
继续 0.357519 0.188770 -0.501745 0.957290 0.680231 -0.449242 0.266858 1.231349 0.908817 -0.541290
近 -0.377979 0.430063 0.196263 -1.263357 0.525302 0.425337 0.395180 -0.586873 -0.862773 -0.904057
走 -0.441315 0.256405 -0.964402 0.527511 -0.394268 0.410937 0.425981 -0.801318 -0.159933 0.761062
今年 0.376758 -0.910982 -0.393798 -0.518637 -0.279533 -0.016303 -0.953294 -0.474791 -0.196176 -0.198998
至 0.279971 0.088617 -0.592782 -0.630929 0.334998 0.065363 0.657407 0.526135 -1.048590 0.136854
周 -0.490765 0.745600 -1.333036 -0.205887 -0.750970 -1.693390 -0.687451 -0.740283 -1.826960 -0.763023
必须 -0.529573 -0.403801 -0.582194 0.796485 0.536618 -0.460408 -0.100312 0.483112 0.520615 -0.182336
产业 0.827400 -0.861837 0.199301 0.556431 0.134355 0.678822 -0.421538 0.441545 -0.476193 -0.173323
基础 0.827226 0.354821 0.002131 0.719444 -0.478883 0.946801 -0.467038 0.060271 0.281589 1.032141
作为 0.178282 -0.024016 -0.145256 -0.281015 0.521682 -0.379101 0.129212 0.008515 -0.100740 -0.187870
参加 0.701239 0.266602 -0.872913 0.018488 0.617914 -0.622898 0.129635 -0.424864 -0.102143 0.106920
开始 -0.097174 -0.074562 -0.567029 0.145609 0.125017 0.017677 0.126499 0.140803 0.095109 -0.218669
稳定 0.364629 -0.237118 0.068673 0.071568 0.387290 0.396385 -0.571404 0.289909 -0.078001 0.106712
做 -0.391995 0.612625 -0.439384 0.054413 0.448975 -0.078152 -0.208063 -0.036362 -0.237447 0.142264
影响 0.100321 -0.334201 -0.064639 -0.212184 -0.024921 -0.055202 -0.130528 0.208442 -0.008310 0.382618
此 -0.129761 0.167625 -0.250107 -0.206595 0.208983 0.065602 -0.339199 0.061013 0.248460 -0.454363
制度 0.054946 -0.275713 -0.077709 0.640236 0.229107 0.026477 -0.264175 0.119375 0.415921 0.496725
经营 -0.028088 0.012801 0.570121 0.356559 -0.259667 0.209127 0.062401 0.303424 -0.049010 0.301163
困难 -0.645483 -0.172369 0.775688 -0.141050 -0.677682 0.077497 0.317837 -0.161840 0.115011 0.350701
需要 -0.164600 0.178559 -0.172477 0.061687 0.269946 -0.082491 0.158351 0.196513 0.240774 -0.058532
政治 1.146531 0.672292 0.303911 1.781190 0.069295 0.043203 -1.122774 0.017708 -0.809601 0.095551
开展 0.315706 -0.005779 -0.260989 0.428632 0.582460 -0.450510 0.338831 -0.606913 -0.199695 0.001291
特别 -1.420336 0.401102 1.166379 -0.743979 -1.176887 -0.277908 -1.647841 0.126848 -0.151905 -1.105024
内 -0.084287 -0.216002 -0.091744 0.186382 0.117841 -0.174332 0.041297 0.345443 -0.121871 -0.227770
女 -0.582098 0.648190 -2.060452 -0.210574 -1.291493 -0.920167 1.544513 -0.916646 -0.193028 -0.058843
让 -0.315347 0.213240 0.237790 -1.304110 -0.004603 -0.715397 0.718931 -0.353670 0.262212 0.354102
才 -2.294559 0.246882 -0.009886 1.142322 -0.381209 -0.115670 -0.638632 1.110041 -0.738443 -1.297896
集团 0.223991 -0.473597 -0.148216 0.251477 -0.275581 0.085067 -0.034633 0.130530 -0.287100 -0.357889
努力 0.116304 0.095729 -0.185624 0.183688 0.257390 0.411091 0.374191 0.223993 0.509722 -0.381856
提供 -0.280648 0.457686 0.571234 0.314798 0.599025 -0.197294 0.772445 0.045425 -0.707684 0.084258
坚持 0.023980 0.014679 -0.304135 0.348467 0.445160 -0.520609 -0.167829 0.082010 0.408348 0.427247
作用 -0.126393 -0.021795 -0.144256 -0.011324 -0.015528 0.183982 -0.222493 0.149434 0.330709 -0.007422
资金 -0.175993 -0.088036 0.281964 0.284912 -0.058260 0.432051 0.536218 0.585712 -0.405262 -0.144470
价格 -0.046007 -0.406276 -0.062587 1.639821 -0.476225 0.167906 -0.052822 0.742840 -0.454549 0.566192
希望 0.079788 -0.051978 0.043853 -0.587974 0.108130 -0.040603 -0.353356 0.049221 0.340555 -0.373364
项目 -0.034629 -0.408633 0.018512 0.106520 -0.067950 0.091419 0.099697 0.081258 -0.056107 -0.253954
指出 -0.223298 -0.425929 -0.136539 -0.537305 0.408460 -0.267155 -0.478297 0.275262 0.752569 0.710068
比 -0.483790 -0.968867 -0.870857 -0.914832 0.481439 0.889955 0.580410 0.992871 -0.677352 1.227730
却 -0.658732 -0.180695 -0.667862 0.271031 -0.225833 -0.004719 -0.118499 0.686545 -0.356963 -0.017404
较 -2.491456 -0.441733 -0.817870 0.998529 1.118717 -0.925292 -0.383672 -0.719761 -2.209839 1.160466
结构 0.665800 -0.696095 -0.056297 2.038932 0.181498 0.817278 -0.408129 0.818925 0.290144 0.612670
这种 -0.117060 0.500064 0.416427 0.366900 -0.103705 0.033633 -0.177180 0.293859 -0.701798 0.488810
送 -1.756565 1.849866 -0.036112 0.942817 0.258692 -0.422943 1.836182 -0.058712 -0.921700 -0.125637
开发 0.168778 -0.238165 0.191274 0.217382 0.150257 0.262427 0.250620 -0.140509 -0.211109 -0.144132
由于 -0.019599 -0.189338 -0.073148 -0.340945 0.096289 -0.410118 0.047083 0.369392 -0.060560 0.519627
艺术 0.253990 0.261138 -0.019008 0.638101 0.290190 -0.042441 -0.326981 -0.202634 -0.478020 -0.027262
总理 0.246831 0.328790 -2.165104 0.196409 -1.454978 -0.773079 -0.056309 0.212960 0.933699 0.395061
体育 0.769648 -0.241296 0.116057 0.483402 -0.443523 -0.086853 -0.537386 -0.547270 -0.521663 0.471982
基本 0.656710 0.645627 0.065497 0.737606 0.522924 0.150347 -0.425580 0.149553 0.056707 -0.152341
这样 -0.509811 0.434346 0.061651 -0.192894 0.186057 -0.268612 -0.174139 -0.276863 -0.168771 -0.163516
成 -0.153716 0.013380 -0.385323 -0.189626 -0.028050 -0.264456 0.217601 0.020523 -0.679258 0.239620
届 2.173106 -0.545741 -2.862952 -0.296908 0.376063 -2.078132 1.276351 -1.032934 -1.070728 0.034437
事业 0.189369 -0.143083 0.075222 0.199514 0.801458 0.402203 -0.788686 -0.014267 -0.156456 -0.896999
已经 -0.543088 -0.495758 -1.006286 0.491388 0.455566 0.458366 -0.097472 1.025162 -0.293724 -0.499293
思想 0.381393 0.601139 0.187705 0.954829 -0.043429 -0.444268 -0.275353 -0.351875 0.335596 0.552711
和平 -0.172651 0.306490 -0.098144 -0.136686 1.441834 1.017093 -2.550241 0.059099 1.009987 0.236062
支持 0.165447 -0.283953 0.101764 -0.260834 0.068162 0.101679 0.056678 -0.242794 0.348536 0.068014
共同 0.270389 -0.100734 -0.690728 1.524172 1.014651 -0.158207 -0.715318 0.273005 -0.867629 -1.384421
全面 0.848232 0.351419 -0.329803 0.959847 1.020995 -0.160431 0.708781 0.452514 0.396503 -0.624761
总统 0.387420 0.356049 -1.341747 -0.056310 -0.420304 -0.759082 -1.106710 0.208799 -0.224756 -0.309719
那 -0.575227 0.592489 -0.325197 -0.543784 -0.099968 0.187761 -0.840083 -0.489904 -0.421798 -0.445928
当 -0.300009 0.245980 -0.373827 -0.417718 0.060217 -0.319595 0.273869 -0.194614 0.043079 0.377186
地方 -0.089249 -0.470751 0.392690 0.256844 -0.386820 -1.070571 -0.075875 0.288451 -0.050501 0.151931
以及 0.318643 -0.185730 -0.148518 -0.275445 0.163117 -0.590796 0.007467 0.267947 0.001909 0.119373
决定 0.008740 -0.312215 -0.254618 0.136983 -0.043051 -0.064205 -0.162208 0.369808 0.321073 -0.078958
泽民 1.122218 1.331234 -0.152480 2.166388 -0.454172 -0.578754 0.266249 0.017934 1.317275 -0.903780
时间 -0.413305 -0.653189 -0.162036 0.197581 -0.405134 0.093673 0.289293 -0.357235 -0.170004 0.006561
春节 0.166579 -0.047956 -1.129977 -0.344355 -1.110414 -0.406204 -0.841686 -0.388197 -1.243453 0.141738
以来 -0.072228 -0.801972 -0.218236 -0.253898 0.264101 -0.076345 0.123180 0.150036 0.062887 -0.202845
形成 -0.170190 -0.147992 -0.214082 0.108151 0.471400 -0.138809 -0.127319 0.156134 -0.306457 0.074840
促进 0.455367 -0.976783 0.451450 -0.460983 0.477385 -0.357088 -0.112465 -0.004522 -0.015836 0.091079
其中 -0.668550 -0.323760 0.466040 -0.413645 -0.213147 -0.000705 0.029385 0.598886 -0.396389 -0.503381
国有 -0.595934 -1.053542 2.712946 -0.255505 -0.612541 -0.542673 -0.008659 1.265951 -0.994504 -0.575221
增加 -0.145753 -0.292651 0.084349 0.045484 0.288473 0.223119 0.745815 0.112349 -0.133675 0.365353
世纪 0.436962 -0.085490 -0.366211 -0.090563 0.590707 0.377969 -0.554676 0.071493 -0.199100 -0.001103
实施 0.133996 -0.219994 -0.028309 0.281547 0.349970 -0.049364 0.106031 -0.132763 -0.128647 0.111428
规定 0.106748 -0.162772 -0.221403 0.219788 -0.221888 -0.310547 0.135633 0.385872 0.259593 0.049450
学习 0.254559 0.727841 -0.379887 0.353366 0.435212 0.178901 -0.106978 -0.399773 0.416844 0.385713
调整 0.456275 -0.653811 0.192331 0.297855 -0.074913 0.430206 -0.230310 -0.030733 0.116189 0.243926
出现 -0.048491 0.179875 -0.202903 -0.117629 0.112332 -0.081522 -0.216917 0.371384 -0.781593 0.236825
代表 0.183482 0.340717 -0.256916 -0.161427 -0.345730 -0.355360 0.162919 -0.026762 0.514663 -0.100363
香港 0.401207 -0.321707 -0.580699 -0.036481 0.368669 0.043515 -1.243996 0.229250 -0.575680 -0.658244
采取 -0.098564 1.450108 0.012052 1.409073 1.681753 -0.785400 0.549313 0.946574 -0.699189 1.560488
实行 0.216045 -0.142131 -0.197055 0.341504 0.383733 -0.526219 0.212898 0.071431 -0.472519 0.484847
统一 0.362252 0.379962 -0.037253 0.338970 0.299839 -0.023646 -0.376234 -0.190181 0.395451 -0.108790
措施 -0.162964 -0.190165 -0.209249 0.372871 0.076404 -0.031573 0.169169 0.415482 0.587400 -0.024473
环境 0.036014 0.019027 0.084230 0.551222 0.030860 0.238269 -0.188615 0.108958 0.128438 0.361007
质量 0.172183 0.153129 0.059280 0.653297 -0.029272 0.434968 0.156783 0.220838 0.202099 0.463769
发生 0.190142 0.986121 -0.645078 -0.195378 -0.330272 0.185479 -0.868342 0.602534 -0.635896 1.575847
传统 0.036701 0.265787 0.169002 0.559594 -0.177873 -0.968450 -0.961295 -1.170684 -0.560112 0.657229
曾 -0.480164 -0.061871 -1.232421 0.321312 -0.237934 -0.174969 0.013450 0.372741 -0.344105 -0.669634
美 0.177287 -0.106184 -0.290231 -0.398965 0.030212 0.029212 -0.664862 0.705820 -0.252493 -0.527937
条件 -0.096372 0.257273 -0.221722 0.054090 -0.198044 0.588827 0.205790 0.035552 0.472240 0.206302
起来 -0.285289 0.199352 -0.178046 0.012613 0.089872 0.058534 0.046036 0.014432 0.250213 0.012328
不断 0.107064 -0.196704 -0.501570 1.216140 1.006187 0.276687 0.817939 1.367845 0.178342 -0.571222
中心 0.220020 -0.202211 -0.263213 0.245141 -0.031361 -0.037301 0.027153 -0.042102 0.012626 -0.422321
如 -0.063833 0.106032 -0.498553 -0.212879 -0.308995 -0.419272 0.227777 0.488591 -0.200742 0.261710
日本 -0.042944 -0.419967 -0.280392 -0.228242 -0.358868 -0.410163 -0.463574 0.274222 -0.526995 -0.108257
批 0.048182 -0.030224 0.152991 0.191574 0.194522 -0.378470 0.319374 -0.213927 -0.310331 -0.069022
国务院 1.857859 -0.007650 -0.676450 0.585339 -1.460132 -1.711595 -0.900281 1.068733 1.115161 -1.497420
为了 -0.900190 -0.324009 -0.646046 0.706474 1.174986 0.072546 0.554100 0.985607 0.453486 0.034460
任务 -0.268116 0.006397 -0.109546 -0.020160 0.090187 0.269255 -0.398375 -0.082710 0.301530 -0.168554
委员会 0.715824 -0.275153 -1.287083 0.330724 -0.509254 -0.635561 -0.016345 -0.299451 0.043853 -1.080337
具有 -0.391510 0.419348 0.040884 -0.532865 1.574502 -1.135399 -0.503620 1.054955 -0.916080 0.734260
实际 0.110065 0.486413 0.227943 0.462272 0.475610 0.204578 -0.336113 -0.038013 0.180403 0.030455
共 -0.232404 -0.169673 -0.364183 0.043749 0.429756 -0.277626 0.762288 0.132196 -0.858922 -0.819118
重点 0.200682 -0.155023 0.024798 0.234556 0.189686 0.031999 0.151972 -0.179000 -0.075251 -0.296901
结合 -0.109621 -0.056751 0.332427 0.236122 0.800853 0.110885 -0.104653 -0.448327 0.287665 -0.105051
岁 -0.540216 0.305432 -0.623949 -0.404821 -0.564224 0.015661 0.540384 -0.188496 -0.547002 0.206345
正 -0.542991 -0.499937 -1.732206 0.959889 -0.248361 -0.460737 -0.256662 -0.184464 0.224563 0.313071
强调 -0.143737 -0.090775 -0.010029 -0.112522 0.350827 -0.583944 -0.389020 0.193615 0.858011 0.346863
进 0.032672 0.181954 -0.584665 -0.516744 0.282985 -0.595760 0.870332 -0.075815 -1.020507 0.301609
广大 -0.150264 -0.450434 1.439188 -0.539534 0.890762 -2.702349 0.890089 -0.834523 -0.066121 -0.229872
机构 0.179057 -0.433263 0.094671 0.332373 -0.338603 -0.195676 -0.171379 0.244874 0.285277 -0.426506
十五大 1.632669 0.943188 -1.264179 -0.194791 0.643784 1.207644 -1.958692 0.138779 1.945962 -1.454867
以上 0.001939 0.131286 0.477297 0.037264 -0.517607 -0.480837 0.488165 0.139588 0.024306 0.071076
占 -0.117541 -0.921231 -0.048770 -0.348055 -0.029280 0.002467 0.556462 0.432464 -0.567235 0.218686
城市 0.167707 -0.426002 -0.009780 0.236514 -0.179392 -0.357292 0.221751 -0.338471 -0.062292 0.162039
中央 1.599614 -0.793682 0.573517 0.556952 -0.169290 -1.760226 -0.343820 0.126059 0.525968 -1.203798
计划 0.088234 -0.121804 -0.126451 0.079980 -0.104485 0.451194 0.046496 0.201489 0.121173 -0.143169
进入 0.618826 0.107333 -0.539843 -1.321286 0.692528 -0.134686 -0.234075 0.104834 -1.019201 0.487449
过 -0.808182 1.052474 -1.285524 -0.391947 -0.076441 0.090131 0.271576 -0.609696 -1.585085 1.068770
米 -0.418708 -0.360904 -0.998521 -0.059379 -0.356330 -0.380422 0.290431 -0.054992 -1.443187 0.975190
其他 0.257905 0.220187 0.344899 -0.206719 -0.081445 -0.600938 0.120446 0.088565 -0.261273 0.041769
信息 0.610049 -0.265017 0.123500 0.460795 -0.113157 0.146563 -0.353534 -0.175686 -0.323763 0.348759
现在 -0.416598 -0.297110 -0.124522 -0.319395 -0.041051 -0.087539 -0.141101 -0.153875 -0.064288 0.178815
市 0.551733 -0.507664 0.311269 0.146388 -0.288472 -0.608107 0.907273 -0.076024 0.071759 -0.417092
住房 -0.124183 -0.494210 0.214291 1.992930 -0.223331 0.416651 -0.764375 -0.554372 -0.653281 1.179605
安全 0.289471 0.112172 0.139120 0.420958 -0.207902 0.097539 -0.227040 0.480503 -0.270215 0.088220
得到 -0.073981 0.083155 0.154431 -0.137559 0.922982 -0.757475 0.367349 0.869114 0.143237 0.239330
根据 0.575056 0.553257 -0.099887 -0.551230 0.339573 -0.435793 -0.070255 0.617002 -0.089889 0.886525
文明 0.079361 -0.069072 0.221238 0.412315 -0.039944 -0.422650 -0.130792 -0.570377 -0.293678 0.410583
贫困 -0.453986 -0.353470 1.110100 -0.058586 -0.404354 -0.994892 -0.215455 -1.690788 -0.733461 -0.212047
想 -0.761668 0.366468 -0.334884 0.099280 0.095537 -0.201138 0.149539 -0.143980 0.193353 0.086954
作出 0.659009 2.088260 -0.983984 0.850896 1.204132 -0.076026 -0.999470 1.343217 -0.638787 0.227050
一定 -0.858424 -0.329144 0.895942 0.409117 0.312921 0.023336 -0.825650 -0.264085 -0.735210 -0.394708
[北京 0.906612 -0.354125 0.458290 -1.807517 -0.527042 -2.580482 0.956606 0.002452 -2.269517 0.410234
摄 -0.371174 -0.348307 -1.063723 -1.138366 -0.535331 -0.963017 0.071140 1.512188 -0.598524 -1.056324
扶贫 1.376635 0.394581 -0.028970 0.720577 0.372447 -0.094966 0.812093 -0.793322 0.230666 -0.264821
体制 0.069991 -1.770065 0.550392 0.878915 0.404562 0.557405 -0.253560 -0.569453 0.629967 0.492842
保持 -0.305108 -0.863772 0.365978 -0.220355 1.407743 -1.061934 -0.654997 0.889699 -0.844809 0.830989
无 -0.503887 0.596707 0.053443 -0.043923 0.145441 -0.480918 0.599076 0.137759 -0.683464 0.154409
该 0.090836 -0.129329 0.885230 -0.016982 -0.740474 0.081070 -0.095954 -0.229303 -0.979045 -0.717256
先进 0.112139 0.719232 2.327770 1.170556 0.566841 -0.219211 1.654061 -0.676206 -0.500178 1.408643
开放 1.278252 -0.745956 0.364078 0.570324 0.359914 0.890011 -1.354056 -0.126357 0.142380 1.336288
而且 -0.530071 -0.275923 0.105845 0.097523 -0.152754 -0.126300 -0.160744 0.273796 0.390786 0.045678
新闻 1.295501 0.717323 -0.165018 0.580512 -0.139616 -0.322514 0.191517 -0.232944 -0.709800 -0.215195
过去 -0.471663 0.364684 -0.306655 -0.703946 0.743622 0.814583 -0.730708 -0.332070 0.103503 -0.054318
这里 -0.375288 0.077976 -0.512399 -0.125435 -0.078163 -0.342421 -0.072000 -0.037264 0.152199 -0.441740
因 -0.163999 -0.045016 0.016044 -0.320073 0.071592 -0.498371 0.329929 0.511410 -0.283338 0.512210
机关 0.033715 -0.420341 0.124381 0.395396 -0.375301 -0.875267 0.269342 -0.458913 0.568931 -0.051332
两岸 0.834824 -0.756488 0.047181 0.513833 0.515025 -1.841630 -1.950326 1.443488 -1.698202 -0.188148
伊拉克 0.442417 0.227042 -0.382107 -0.204056 -0.539398 -0.704350 -1.084325 0.494654 0.251961 -0.309742
达到 -0.018863 -0.162537 0.035114 -0.243225 0.187772 0.420761 0.651867 0.429782 -0.641877 0.334051
分 -0.197816 0.426538 -0.205384 0.025825 -0.059642 -0.026752 0.686851 -0.113031 -0.341297 -0.119811
完成 0.297478 -0.091933 -0.168651 -0.141369 0.232082 0.337423 0.266590 -0.009924 0.041831 0.165432
利用 -0.394723 -0.387146 0.070449 -0.165224 0.442658 -0.210562 0.833588 0.415178 -0.509599 1.168031
不仅 -0.793585 -0.221755 -0.102866 0.637717 -0.120778 -0.088334 -0.352812 0.703447 0.039324 -0.177647
目标 0.012658 0.026721 -0.194795 0.145802 0.071763 0.292415 -0.423569 0.118960 0.261333 -0.160687
形式 -0.128244 -0.083074 -0.049279 0.290066 -0.101280 0.026165 0.110296 0.142248 0.078118 0.116290
发现 -0.214967 0.021472 -0.070746 -0.214351 -0.005713 -0.049504 -0.010623 0.174695 -0.092682 0.047319
办 -0.762085 0.008118 -0.222666 0.009656 0.267635 0.175273 -0.293646 -0.679452 -0.944850 0.932146
工业 0.416608 -0.945784 0.256668 0.261517 0.030517 0.294856 0.049331 0.123779 -0.563147 -0.181609
则 -0.623052 -0.027881 0.014737 0.001255 -0.454131 0.204867 -0.210686 0.726656 -0.040402 -0.329490
可能 -0.674542 -0.258220 -0.352397 0.122894 -0.058986 0.348088 -0.148374 0.808239 -0.061957 -0.375030
专家 -0.350705 0.432080 0.254359 0.154728 -0.789274 -0.191873 0.389744 0.238430 0.591923 -0.564705
书记 -0.138392 0.489334 -1.215031 0.041044 -0.684610 -0.776474 1.152408 -0.009192 0.175077 -0.301572
战略 0.465056 0.478182 0.045856 0.302087 0.181619 0.020927 -0.383985 0.257296 0.327918 -0.298864
应当 -0.497843 -0.287296 -1.047802 1.132226 0.017667 -0.577774 -0.040266 0.844865 1.031044 -0.094523
严重 0.068999 0.328873 0.033285 0.190212 -0.212896 -0.257391 -0.205421 0.981878 -1.017303 0.138244
国内 0.085727 -0.582807 -0.203220 -0.039679 -0.198345 -0.416324 -0.086411 0.476102 -0.927070 0.450642
各级 1.818844 0.216935 0.616339 1.475698 -0.202605 -1.896869 0.758247 -0.130446 1.210934 0.745444
经过 0.347268 0.734162 -1.428547 -0.196678 1.748198 -0.172313 0.422145 -0.452998 -0.793499 0.031597
理论 0.333745 0.686063 -0.269222 0.736107 0.039826 0.303443 -0.520359 -0.058727 0.375300 0.343687
发挥 -0.514109 0.510920 0.568534 0.785038 1.855486 0.010476 0.003642 0.485030 -0.013611 1.846013
不同 -0.143205 0.323537 0.237202 0.044682 -0.075287 -0.059832 -0.559237 -0.324745 -0.662994 0.430902
作 0.764903 1.503612 -1.231064 0.447943 1.153408 -0.029764 -0.622093 0.337468 -0.283377 -0.233762
祖国 -0.030341 -0.305787 -1.330071 0.449451 -0.469492 -1.845470 -1.119966 0.040948 0.414036 1.047912
成功 0.076102 0.088500 -0.374449 -0.033690 0.207856 0.373434 -0.018785 0.351654 0.116135 -0.408133
吴 -0.059161 0.384658 -1.702632 0.281817 -0.819521 -1.853549 -0.024732 0.562513 -1.397654 -1.164620
重视 0.249185 -0.190782 0.083469 0.164885 0.170962 -0.074724 -0.152366 0.068553 0.377599 0.090439
省 0.326404 -0.706559 0.164145 0.118172 -0.463558 -0.253259 1.548072 -0.164108 -0.197615 -0.625606
能力 -0.098668 -0.188198 -0.025567 0.342123 0.137513 0.245068 0.207043 0.254477 0.146722 0.181725
重大 0.422381 0.988472 0.141636 0.016880 0.415627 0.103882 -0.409637 0.395566 -0.665841 0.121961
孩子 -0.431384 0.409844 -0.324267 0.336927 -0.452437 -0.241643 0.477010 -0.247512 0.230305 0.187837
１９９６年 0.230958 -0.560941 -0.573564 -0.126714 -0.063202 0.384172 0.381579 0.492901 -0.480933 -0.101165
帮助 -0.169891 -0.127684 0.520122 -0.406697 0.185414 -0.482670 0.852363 -0.540353 0.673441 -0.012342
[国家 1.289490 -0.792876 -0.987684 1.007131 -0.940951 -1.847291 1.603595 0.245338 -1.983480 -0.536210
讲 -0.625922 1.343365 -0.161687 0.569923 0.302560 -0.709451 -0.058026 -0.658011 -0.118361 1.143494
地震 0.764184 0.329402 0.184301 0.062158 -0.681517 -0.030101 0.553356 -0.583358 -0.046965 1.019708
长 -0.552079 -0.069548 -0.706800 -0.236351 -0.049525 0.782538 0.370963 -1.183104 -1.456209 -0.038139
主任 -0.064579 0.238093 -2.186761 0.030071 -0.814259 -0.637755 0.710196 -0.806865 0.243391 0.098615
系统 0.074233 -0.359483 0.109396 0.237260 -0.041563 -0.246351 0.163283 -0.196252 0.096281 -0.275800
俄 0.271344 -0.197327 -0.258721 -0.060288 -0.177069 -0.570742 -0.687195 0.681610 -0.060803 -0.263443
本 -0.414052 0.427905 1.295966 0.108320 -1.214846 -0.920187 -0.263897 -0.063925 -0.954657 0.305699
因为 -0.460436 -0.089912 -0.143415 -0.505512 -0.124629 -0.448846 -0.034355 0.138022 0.303525 0.818018
落实 0.208312 0.235877 -0.361333 0.093497 0.401878 -0.134950 -0.046189 -0.154883 0.831694 0.358733
收入 -0.283908 -0.382457 -0.038777 0.095597 -0.174195 0.947276 0.501372 0.736172 -0.425027 -0.159579
年代 0.043915 -0.457389 -1.129379 -0.424486 0.493490 0.605502 -0.493324 -0.295685 -0.035149 0.031437
如果 -0.620298 0.192889 -0.354894 -0.057396 -0.050430 -0.251251 0.056081 0.519620 0.246324 0.188138
出口 0.212615 -0.592062 0.094030 0.069768 0.057353 0.710553 -0.013598 0.746259 -0.796523 -0.126205
各种 0.042677 0.418104 0.359403 0.239116 0.093909 -0.405399 0.036447 0.088590 -0.443300 0.064461
危机 -0.095263 0.191780 -0.273591 -0.130519 -0.181136 0.235961 -0.463847 0.738309 -0.060008 0.335468
总 -0.295283 0.285061 0.434100 1.615376 -1.299158 0.330885 0.079752 0.684900 -1.384102 -0.437168
１９９８年 0.335498 -0.728450 -0.394588 -0.447676 -0.213972 0.224236 -0.852410 -0.287510 -0.213940 -0.175473
方式 -0.052480 -0.060290 -0.115208 0.613649 0.159070 0.189842 0.089826 0.278306 0.268796 0.047478
推动 0.312602 -0.755422 0.481913 -0.461871 0.441927 -0.255267 -0.209479 0.001802 0.234201 0.017269
[全国 0.431123 -1.078585 -1.143872 0.904636 -0.031527 -2.404835 0.791042 0.517917 -0.625010 0.071917
吃 -0.606174 0.380006 -0.506956 0.164224 -0.281140 -0.199156 0.268259 -0.022048 -0.576962 0.312650
推进 0.417355 -1.542156 0.448180 -0.389687 0.467794 -0.573989 -0.068030 -0.287790 0.115071 0.190224
上海 0.089028 -0.603832 -0.365079 -0.214459 0.027097 -0.203184 0.254087 -0.080630 -0.455830 -0.202666
老 0.179253 0.723266 0.292230 0.177240 -0.262193 -0.785580 0.575191 -0.981654 0.014728 -0.490196
开 -0.589230 0.490896 -0.390545 0.243028 0.491051 -0.216096 0.585673 -0.346350 -0.646158 0.478205
什么 -0.607690 0.523537 0.306403 -0.039038 -0.279313 -0.070900 -0.143979 -0.046556 -0.086848 0.195694
科学 0.597840 0.747178 0.294236 1.025564 0.341140 -0.269042 -0.279114 -0.190844 0.034846 0.506717
介绍 -0.112903 0.259803 -0.453866 -0.255192 -0.109882 0.012457 0.044235 0.241571 0.246402 0.193393
包括 0.177578 -0.189098 -0.152564 -0.213284 0.273298 -0.390514 0.121019 0.162905 -0.193860 -0.111092
部队 -0.186651 -0.380899 -0.130732 0.517601 -0.121413 -0.533022 0.290501 -0.556152 0.449142 -0.126540
便 -0.630821 -0.203631 -0.739979 0.384398 -0.000617 -0.144597 -0.113518 0.359824 -0.481049 -0.179428
看到 -0.247007 -0.076198 -0.275047 -0.534714 0.053893 -0.335140 -0.144786 0.196871 0.151143 0.321223
[中央 1.177413 -0.488851 0.173057 0.258082 -0.238167 -3.875117 1.460904 0.606066 -2.008209 -0.031437
认识 -0.200020 0.202635 0.024479 0.357851 0.722565 0.382785 -0.088471 -0.206209 0.445072 0.700640
素质 -0.264214 -0.324127 0.529995 1.803343 1.066810 0.406904 -0.194385 -0.205255 0.980478 0.770637
既 -1.628158 -0.812490 -0.015523 0.944246 0.262140 -0.239624 -0.820517 0.904685 -0.161071 0.084009
仍 -0.954469 -0.695658 -0.681211 0.760718 0.174349 -0.251136 -0.621021 0.691985 -0.269987 -0.143468
全 0.119796 -0.387817 1.220576 -0.689310 0.807580 -1.287799 -0.931183 0.042464 -1.853342 -0.018846
深入 -0.148608 -0.470496 1.501540 0.987858 1.564567 -0.320385 1.202524 -1.183548 0.796774 -0.216768
发表 -0.157218 2.149332 -1.120680 -0.296580 0.661108 -0.691617 -1.325605 -0.121951 -0.466059 -0.438419
月 -0.009501 -0.550894 -0.987851 -0.215152 -0.018022 0.295055 0.151932 -0.794403 -0.179588 -0.213165
杨 -0.124707 0.092517 -1.149756 0.385687 -0.629264 -1.317374 0.343427 0.221511 -1.644416 -0.821433
台湾 0.201496 0.533368 -0.108632 -0.312749 0.383746 -0.297847 -1.480799 -0.022662 -0.951206 -0.619338
关于 0.128595 -0.123537 -0.095416 -0.132212 0.525209 -0.435067 0.062813 0.352533 0.360249 -0.103993
有的 -0.094968 0.472204 0.894030 -0.074180 -1.100021 -0.506391 0.733896 0.023788 -0.399046 0.006231
附 -1.063172 3.108656 -0.558112 1.797518 -5.270426 -5.145763 -3.042498 -6.180338 6.474715 7.176133
会见 0.487694 0.430212 -0.558089 -1.416149 -0.618651 -0.205995 0.194562 0.757366 -0.002732 -0.282260
成果 -0.119812 -0.139172 -0.312707 0.069716 -0.008426 0.179984 -0.164309 0.160049 0.224873 -0.092799
演出 -0.070860 0.023043 -0.231323 -0.129431 -0.233917 0.080016 -0.194150 -0.251043 -0.113283 -0.343640
下岗 -0.618292 -0.840013 0.969571 -0.046709 -1.183544 -0.378896 1.223169 -1.301803 1.117868 -0.191478
因此 -0.399653 -0.150737 -0.099363 -0.205359 -0.106115 -0.330246 -0.063475 0.224606 0.455299 0.245756
利益 -0.093354 0.223558 -0.044152 0.321365 -0.118841 -0.107904 -0.222618 0.218553 0.170966 0.268026
现代化 0.041013 -0.339641 -0.435948 1.095902 0.434852 0.087099 -0.523853 -0.497139 -0.187009 0.537193
对于 -0.094302 -0.033964 -0.180081 -0.269911 0.274128 -0.398948 0.338976 0.400152 0.290292 0.324429
之间 -0.069877 -0.182413 0.215692 0.281425 0.277718 -0.685134 -0.451416 0.727016 -0.529117 -0.275808
作品 -0.207673 -0.158964 -0.066206 -0.050629 -0.071193 0.104832 -0.127949 -0.112573 -0.068970 -0.306864
成立 0.155712 -0.251559 -0.447938 -0.168898 0.107908 0.440987 0.110082 -0.367684 -0.020025 -0.024967
就业 0.475902 -0.053341 0.492312 0.302242 -0.200787 0.051655 -0.230658 -0.500383 -0.154478 -0.026316
资源 -0.151835 -0.313421 0.288964 0.839471 0.416941 0.265136 0.029984 0.163504 -0.284440 0.094813
各地 -0.207254 -0.408559 0.143579 0.261026 -0.083606 -0.677839 0.463136 -0.096707 0.463786 -0.253562
实践 -0.008002 0.644019 0.044481 0.352915 0.249153 0.700249 -0.587271 -0.392692 0.408219 -0.063359
县 0.032761 -0.883763 0.157344 0.336108 -0.526370 -0.657094 1.315581 0.091971 -0.268402 0.007220
点 -0.276371 0.397183 -0.467177 0.021085 -0.145829 0.104704 0.073959 0.123082 -0.178596 0.161208
青年 -0.070116 -0.148713 0.268412 0.494403 0.201352 -0.412997 1.708238 -1.757189 -0.323715 -0.919934
期间 -0.095876 -0.167970 -0.193907 -0.084744 -0.165972 -0.240180 0.189954 0.169872 0.112197 -0.005274
时期 -0.047861 -0.388066 -0.201903 -0.288564 -0.024816 -0.100868 -0.076006 -0.235426 0.375771 0.101406
内容 -0.030943 -0.210354 -0.081807 0.110296 -0.077221 -0.176028 -0.150602 -0.177397 0.246923 -0.028249
灾区 -0.050489 -0.349493 0.382804 0.089999 0.210038 -1.341887 0.017825 0.118515 0.078453 -0.471293
受 0.127829 0.397268 0.052013 -0.821859 0.041475 -0.921641 -0.265203 1.143249 -0.279886 1.336685
设施 -0.186631 -0.617168 -0.176137 1.261750 -0.087572 -0.356458 -0.064131 0.035058 0.000426 0.390297
仅 -0.621844 -0.729690 -0.585027 -0.386835 -0.016805 0.079773 0.711931 0.183458 -0.264620 -1.062008
受到 0.310873 0.542871 0.259938 -0.874015 0.436564 -1.771925 -0.300842 0.916827 -0.020743 1.204825
行动 0.075374 0.157618 0.011505 0.152631 0.036811 0.162960 -0.109056 0.134783 0.237347 -0.202754
机制 -0.064980 -0.140380 -0.023128 0.611507 0.131485 0.144711 -0.205518 0.285874 0.455636 0.383802
政协 1.600105 -0.441724 -0.678381 0.146919 0.368433 -0.248130 -0.338886 -0.853546 1.208269 -1.639606
行业 0.036958 -0.545548 0.140569 0.339380 0.006938 -0.036380 0.255305 0.044740 0.014599 -0.110457
自 0.024916 -0.096724 -1.576139 -0.813904 0.362269 0.156696 0.315405 1.422829 -1.309194 1.032312
外 -0.149946 -0.232472 -0.148569 -0.001395 -0.214096 -0.238649 0.370612 0.616714 -0.080022 -0.054309
写 -0.499550 0.455421 -0.458050 0.234205 -0.044607 0.112828 0.161578 -0.279190 -0.204626 0.339696
领域 0.058047 -0.700338 0.473742 0.171764 0.139853 -0.457723 -0.595985 0.384956 -0.107334 -0.839593
联合 0.318741 -0.101013 -0.221445 0.185569 0.135794 -0.141451 0.263293 0.160175 -0.187187 -0.687857
如何 -0.267763 0.211399 -0.401984 0.531169 0.593510 -0.125008 0.228192 0.454162 0.380087 -0.094095
双方 -0.189125 -0.404724 0.061670 0.129862 0.064816 -0.920938 -1.164808 0.505824 0.258377 -0.606376
保护 0.300984 0.040667 0.148747 0.149976 -0.113353 -0.143311 -0.045549 -0.094256 0.037724 0.370901
按照 0.940823 0.752099 -0.209799 -0.523411 0.492893 -0.609686 0.029017 0.659072 0.258693 0.707610
召开 0.846104 0.025386 -0.967495 -0.547425 0.809739 -0.226851 -0.392634 -0.345573 0.630465 -0.423283
优势 -0.054582 -0.270268 0.001216 0.103122 -0.157320 0.057951 -0.159396 0.019764 0.020653 0.007916
驻 0.217569 1.390125 -1.025233 -3.024968 0.546984 -1.722736 1.441816 1.260176 -2.154900 0.182376
规模 -0.201595 -0.308832 0.004563 0.082401 0.268858 0.104652 -0.007729 0.418489 -0.364265 0.357185
充分 -1.856011 2.190620 0.388442 1.077029 1.125535 -0.626297 1.327707 2.238268 -0.069270 -0.752317
原因 -0.455115 -0.068273 0.429305 -0.160435 -0.595521 0.294696 -0.341775 0.467840 0.078306 0.108935
新年 0.119408 0.518220 -0.982056 -0.037219 0.073391 0.206633 -0.354546 -0.570972 -0.572624 -0.103989
了解 -0.204454 -0.111101 -0.070505 -0.055593 0.390706 0.190669 0.050279 0.154670 0.294144 0.380479
像 -0.498621 0.046789 -0.976986 -0.774460 -0.113305 -0.876231 0.182771 0.178607 -0.064074 0.476219
经验 -0.076801 0.182502 0.020288 0.250437 -0.031141 0.009851 -0.050442 0.261366 0.245368 -0.298642
大学 0.229624 -0.034863 -0.405802 0.102164 -0.378096 -0.320370 0.290105 -0.184147 -0.176242 -0.126993
监督 0.664976 0.426877 0.269364 0.783712 -0.303693 -0.286522 0.596687 0.453670 0.750196 0.269867
行为 -0.206741 -0.036676 0.346040 0.355241 -0.371120 0.009642 -0.066745 0.733295 0.476751 0.347823
原则 0.197886 0.267497 -0.379636 0.167293 -0.042279 0.704808 -0.045509 0.014953 0.697377 0.135187
竞争 0.107626 0.091528 0.103052 0.187171 -0.130166 0.377710 -0.200521 0.209297 -0.034969 0.293725
赵 -0.095661 0.716106 -0.611033 0.126744 -0.800769 -0.863705 0.470652 0.697271 -2.565227 -0.578907
调查 0.078792 1.004601 0.273082 -0.349881 -0.328287 0.522234 -0.026809 0.697975 0.278918 -1.045750
良好 1.297888 0.165523 0.661432 0.638542 0.338409 -0.938909 -0.602833 0.818560 -1.247720 -0.283795
制定 0.351958 -0.134350 -0.189032 0.184513 0.251690 -0.027273 -0.085305 -0.019912 0.254612 0.124755
家庭 0.005235 -0.011902 0.015242 0.462156 -0.239047 -0.496817 0.005016 -0.167149 -0.318924 -0.021730
形势 -0.108180 0.399509 -0.309363 0.030082 -0.060370 0.858705 -0.045916 -0.045173 0.612457 0.039711
投入 0.128454 -0.250934 -0.016270 0.195138 0.082844 0.340786 0.528675 0.263193 -0.116109 0.038317
比赛 -0.112112 -0.539709 0.032507 -0.191902 -0.480679 0.528587 -0.148267 -0.320489 0.219167 -0.833906
件 -0.887762 0.465220 -0.079139 -0.219660 -0.372427 -0.410018 0.005715 -0.100842 -1.218430 0.127847
分别 -0.611617 -0.411359 -1.548646 1.454790 -0.594467 0.984242 0.309880 0.480072 0.024922 -0.730172
过程 -0.347283 -0.861640 0.778279 -0.405795 0.285147 1.044142 -0.716806 -0.982593 1.014119 -1.125646
贡献 -0.277312 0.132640 -0.082174 -0.169815 -0.215318 -0.155769 0.076008 -0.093769 0.358092 0.379263
创造 -0.384165 0.513348 1.166957 0.488607 1.226300 0.490380 0.198532 -0.106520 -0.928233 0.286660
部长 -0.142779 1.168863 -1.639899 0.187628 -1.005046 -0.747447 1.116547 -0.020013 0.103875 0.399627
获得 0.129619 -0.207059 -0.136891 -0.069853 0.593633 -0.005685 0.215811 0.380130 -0.410684 -0.062329
直接 0.126312 1.006076 0.397347 1.435961 -0.621641 0.227985 -0.168253 1.611951 -1.040955 -0.856028
贯彻 1.284517 0.570447 -0.025494 0.455505 0.550976 -0.904550 0.371198 0.937103 2.065883 -0.223674
日前 -0.246360 -0.731531 -1.525659 0.286416 -0.195347 -0.661151 0.187559 -0.113658 0.688540 -0.396712
人才 -0.099014 -0.203835 0.176802 0.797649 0.282887 -0.027868 0.052610 0.070623 -0.138199 -0.026378
力量 -0.095651 -0.140659 -0.131908 0.253525 0.387891 -0.012358 -0.034770 0.181517 0.242154 -0.082995
资产 -0.221102 -0.609610 -0.060298 0.938731 0.200742 0.325445 0.688068 0.610698 -0.442616 0.087521
系列 0.590901 0.824653 -0.051335 0.188821 0.225870 -0.068152 -0.510360 0.420748 -0.441605 0.557038
认真 0.607092 0.870061 -0.157463 1.020448 0.438660 -0.576406 0.896153 0.485794 1.102329 -0.280486
间 -0.066978 -0.217428 0.026796 0.123326 0.125734 -0.529372 0.073992 0.487532 -0.466278 -0.249555
学生 -0.206117 0.143844 -0.121458 0.375918 -0.298820 -0.249011 0.462744 -0.112982 0.203308 -0.069199
创作 0.003773 0.380925 0.012410 0.450127 0.106160 0.263401 -0.172430 -0.441908 -0.300527 -0.071511
地 -0.394155 -0.988834 -0.099052 -0.086745 -0.474771 -0.341775 0.869898 0.005336 -0.088665 -0.777149
存在 -0.124061 0.304238 0.142677 0.002244 0.071022 0.040393 -0.204890 0.388925 -0.289799 0.276750
变化 -0.027616 -0.070424 -0.079542 0.087134 -0.068883 0.242552 -0.190135 0.172504 0.291816 0.233197
阶段 0.191136 -0.070403 -0.122562 0.175146 0.296407 0.216277 -0.332452 -0.092877 0.170397 0.244046
保证 0.177473 -0.187892 0.124883 -0.060786 0.127341 -0.258102 0.035620 0.064651 -0.037636 0.477192
造成 -0.040632 0.325057 -0.044557 -0.188086 0.075593 -0.132207 -0.018083 0.812780 -0.785151 0.529131
反 0.795768 0.369605 -0.894129 0.773228 -0.314696 -2.852806 1.758646 -0.154760 -0.955706 1.462041
户 -0.552315 -0.541403 0.175622 -0.116182 -0.191222 -0.272644 0.627329 -0.290782 -0.105325 0.141936
这次 0.658781 0.384702 -0.925820 -0.072433 0.266841 -0.037680 -0.322592 -0.431893 -0.151477 -0.378933
扩大 0.260818 -0.388348 0.058107 0.217728 0.499418 0.363987 -0.026875 0.060404 -0.127191 0.254652
持续 0.517615 -0.188822 -0.480410 -0.067232 1.412458 1.582944 -0.646441 0.911913 -1.903560 -0.942798
欧洲 0.006480 -0.070712 -0.044690 -0.092919 -0.173680 -0.464718 -0.740386 0.121340 -0.402445 0.293154
访问 0.148858 0.483966 -0.416140 -0.496922 -0.211416 0.285206 -0.425390 0.194051 0.252219 -0.444052
产生 -0.452558 0.743577 -0.144465 0.374802 0.687240 -0.161862 -0.037684 0.904695 -0.986819 0.692735
正在 -0.137378 -0.195328 -0.764828 0.619277 0.295272 0.102744 0.144326 0.614611 -0.041474 -0.199403
当地 -0.041570 -0.358319 0.460168 -0.082330 0.176597 -0.907057 -0.024719 -0.170723 -0.118831 0.164177
交通 0.515267 0.274912 0.147738 0.643510 -0.395311 -0.411916 0.084779 0.317787 -0.604088 0.529058
体系 -0.017951 -0.012680 -0.089801 0.671275 0.268375 0.266890 -0.343802 0.073613 0.100376 0.325082
健康 0.094274 -0.299489 0.518302 1.079609 0.892112 -0.220271 -0.744920 0.565079 -1.075037 0.166488
每 -0.849896 0.054363 -0.271286 -0.190064 0.665592 -0.107710 0.820539 -0.316760 -1.000211 -0.267892
俄罗斯 0.098514 -0.288658 -0.231099 -0.180051 -0.244003 -0.740542 -0.637008 0.052644 -0.231180 -0.289682
一 -1.192513 1.361693 -1.267104 0.170090 -0.183142 -0.041022 0.398803 -0.025973 -1.026902 -0.081724
医院 0.062834 -0.045371 -0.351768 0.327400 -0.401138 -0.325185 0.468674 0.099964 -0.031395 -0.229044
犯罪 0.491651 0.499235 0.078423 0.515138 -1.425558 -0.821991 -0.691517 -0.319152 -0.386815 0.638541
革命 0.194038 0.302155 -0.087687 0.217034 0.298877 -0.401443 -1.133123 -0.560799 -0.256470 -0.070904
低 -0.121786 -0.006717 0.261648 0.516153 0.162921 0.564689 0.458129 0.065593 -0.792057 0.839690
场 0.135710 0.240361 -0.244278 0.038596 -0.466634 -0.803329 -0.523454 -0.369742 -0.594503 0.820196
改善 0.068125 -0.751788 0.436573 0.087514 -0.054004 -0.246444 -0.008564 -0.020112 0.259140 0.217196
大家 -0.556415 0.166674 -0.422590 0.306798 0.005217 -0.767239 -0.355943 -0.271929 -0.085637 -0.334007
１２月 0.412518 0.016426 -1.634961 0.121199 -0.450582 0.054874 0.474865 1.226732 -0.940557 -0.031126
强 -0.050055 -0.055137 0.034957 0.171527 0.037627 -0.096254 0.196012 0.086832 -0.429220 0.013193
宣布 -0.162285 -0.349512 -0.801747 -0.443708 -0.583219 -0.569008 -0.231479 0.840997 0.502921 0.130678
有效 0.379161 0.467374 0.487466 0.729325 0.177907 -0.225709 0.308548 1.127488 0.030701 0.150426
没 -1.084279 0.546319 0.190541 -0.004116 -0.292777 -0.377868 0.605309 0.358034 -0.629738 -0.582039
少 -0.915373 0.140184 -0.017074 -0.161964 -0.195897 0.236983 0.396050 0.248049 -0.549030 0.292288
结果 -0.427055 0.060850 0.108129 -0.131032 -0.555032 0.420613 0.040538 0.631857 0.148501 -0.120294
最近 -0.120273 -0.115188 -0.430196 -0.257884 0.024780 0.054093 -0.085909 0.433391 -0.051608 -0.627214
长期 -0.078799 -0.015021 -0.424806 0.509254 0.258549 -0.133851 -0.416552 0.315976 -0.601625 -0.097291
意义 -0.040759 0.666045 -0.419094 0.331859 -0.235207 0.174662 -0.672575 -0.010907 0.149220 0.827952
学校 0.035308 -0.342147 -0.143937 0.415250 -0.098340 -0.362685 0.283017 -0.375673 0.324502 0.008989
图 -1.237347 0.016014 -4.287431 3.201162 -1.729887 0.427348 1.171869 -2.027784 0.186463 0.088399
先后 -0.264581 -0.316639 -0.777026 0.410511 0.030321 0.041265 0.408054 0.270630 -0.607300 -1.194811
徐 -0.354543 0.847885 -1.785578 0.694248 -0.611398 -1.614653 0.282178 -0.265101 -1.437345 -0.096817
货币 1.045087 -0.973587 0.591647 0.693142 -0.664877 1.118815 -0.040274 2.134876 -0.934676 0.779211
英国 -0.137846 -0.231734 -0.383379 -0.019420 -0.183316 -0.804540 -0.367313 0.321614 -0.452432 -0.225609
邓小平理论 -0.010527 1.380590 -0.949364 0.724210 0.389538 0.691028 -1.377710 -1.545949 0.963514 -0.288425
鹏 0.286099 0.649886 -2.310687 0.772943 -1.827987 -0.407923 -0.481854 -0.139301 0.171548 -1.760037
斗争 0.275905 0.408280 0.038998 0.322048 0.446215 0.585747 -0.702439 -0.192034 0.494257 -0.107661
贸易 0.603107 -0.580391 0.118426 0.235611 -0.012826 0.489929 0.063041 0.717022 -0.478725 -0.474910
日 -0.240384 -0.671233 -0.800081 -0.386851 -0.362106 0.273990 -0.706060 0.528874 -0.683853 0.229930
增强 0.094153 0.039227 0.487341 0.227547 0.341209 -0.413643 0.349035 0.002817 0.070086 0.458902
加快 0.353581 -0.799749 0.099789 0.305837 0.351459 -0.102698 0.219267 -0.163125 -0.199117 -0.043325
明显 -0.138351 -0.195276 -0.495702 0.830140 0.607917 0.432605 1.251314 1.242211 -0.035450 0.287501
干 -0.564467 0.461985 -0.318527 -0.112700 0.148846 0.010672 -0.202650 -0.347316 -0.365133 0.087692
事 -0.471062 0.236533 -0.124286 -0.173264 -0.087336 0.014951 -0.090043 -0.154847 0.220207 -0.020456
市场经济 0.205268 0.279960 1.063822 0.890481 0.069608 0.537219 -0.448010 0.531681 -0.727722 0.124652
按 0.515698 0.651260 -0.200837 -0.070320 0.241329 -0.462830 0.241740 0.611493 -0.630730 0.770613
贷款 -0.057669 -0.198225 0.470348 0.364084 -0.360301 0.305615 0.327060 0.740819 -0.277420 -0.053215
军事 0.577157 0.686931 0.148304 0.607308 0.156225 -0.411792 -0.222340 -0.021000 -0.538311 -0.158181
首先 -0.941613 -0.272944 0.394617 0.388583 -0.482281 -0.347484 -0.513453 0.851535 0.657124 -0.160589
现代 -0.462489 -0.538241 1.541382 0.248078 0.548461 -1.143512 0.075301 0.208610 -1.781997 1.637575
宣传 0.521203 0.467435 0.924051 0.895410 0.587418 0.076036 0.437268 -0.969235 0.831112 0.724816
个人 -0.043178 0.142950 0.030018 0.517550 -0.383700 -0.550893 -0.044742 0.094706 -0.315382 -0.009836
指导 0.556129 1.018759 0.996685 0.910228 0.683593 -0.244500 0.099677 -0.689272 0.859627 -0.041960
台 0.125369 -0.133408 -0.511554 0.025269 -0.049827 -0.152558 0.156544 0.035902 -0.436577 -0.037398
报告 -0.072676 0.212455 -0.634988 -0.269406 -0.631753 0.832924 -0.416424 0.151950 0.701515 -0.537924
电话 -0.032442 -0.201057 -0.050584 0.131058 -0.309045 0.099077 0.084915 0.062606 -0.149678 -0.143975
讲话 -0.221076 0.835355 -0.403072 -0.505335 -0.120411 1.054571 -1.272103 -0.017377 1.202700 -1.012806
参与 0.250428 -0.104493 -0.005160 -0.022338 0.257388 -0.175539 0.131805 0.050558 -0.104973 0.373935
段 -0.379525 0.272608 -1.555908 0.183792 -0.796959 0.912380 0.433320 -0.456870 -0.611423 -0.037920
优秀 0.132627 1.071849 1.011142 0.622686 0.833444 -0.608602 1.106904 -2.196199 -0.804747 -0.000822
路 -0.163884 -0.109756 -0.344117 0.081615 -0.081990 -0.019771 0.096472 0.010078 0.151193 -0.006754
朱 1.156265 0.916040 -1.078848 0.654711 -1.504184 -2.204013 0.162061 0.388982 -1.032580 -0.727682
结束 0.452819 0.064832 -0.831778 -0.533922 -0.041405 0.528822 -0.468049 -0.610463 0.054282 0.057010
京 0.244595 0.002777 -0.531624 0.026960 0.129395 -0.141087 0.425265 -0.055427 -0.162951 -0.900979
责任 -0.051793 -0.047190 0.232625 -0.015597 -0.502157 0.063291 0.011711 0.372452 0.099246 0.184781
负责 0.895620 0.647237 0.145393 0.502070 -0.234391 -0.867031 0.124051 0.505448 0.513350 -0.554448
但是 -0.538829 -0.340510 -0.162869 -0.422939 -0.009099 -0.173850 -0.138897 0.240709 0.535608 0.860631
成绩 -0.223775 -0.007511 -0.359118 -0.039687 -0.205061 0.382582 -0.050131 0.247308 0.175820 0.005997
更加 -0.688625 0.149258 -0.338930 1.110137 1.176197 -0.959006 -0.325912 0.211203 -0.775833 -0.265378
具体 0.158555 1.063399 0.382787 0.507283 0.122735 0.077308 -0.030022 0.526978 0.009558 0.106722
自治区 0.628122 -0.293859 -0.783082 0.355663 -0.324767 -0.930572 0.596179 -0.012375 0.208017 -0.084454
电视 0.428284 0.415838 -0.313440 0.202604 -0.081604 -0.348275 -0.148365 -0.606382 -0.765509 0.155726
相 -1.992098 0.511139 0.481476 3.112201 0.052950 -0.306821 0.614950 0.472098 -0.519045 0.045931
应该 -0.827927 0.156690 -0.677296 0.470573 0.210569 -0.177744 -0.101701 0.166785 0.583991 -0.380836
打 -0.880817 0.611195 -0.513204 0.211509 0.391364 0.085711 0.316234 -0.607876 -0.580221 0.172770
人口 -0.376588 -0.998070 0.235440 0.242999 0.000435 0.273897 0.543761 -0.063157 -0.247962 -0.030393
财政 0.806937 -0.735666 0.279952 0.771487 -0.392243 0.070102 0.118031 1.301663 -1.082254 0.024815
高度 -1.612943 1.133600 -0.526568 1.172549 1.337411 -1.272837 0.068022 0.169543 -0.107945 -0.879493
来自 0.499162 -0.544610 -0.997328 -1.157594 0.657571 -0.850211 0.589809 0.395113 -0.676427 -0.175694
根本 -0.015369 0.975750 -0.185412 2.168868 -0.242940 0.710487 -1.022161 0.625809 -0.641648 0.429639
减少 -0.145999 -0.263347 -0.033277 0.017147 -0.114719 0.195793 0.417517 0.379111 -0.228289 0.605366
吨 0.142341 -0.310846 -0.567915 0.221199 -0.135318 0.872076 0.916411 0.651174 -0.089656 0.442855
进程 -0.171233 0.075402 0.021350 -0.331154 0.208643 0.718925 -0.731343 -0.120932 0.586554 -0.458881
行政 1.177981 0.791612 0.841381 1.280256 -0.480796 -1.008489 0.418906 0.663327 -0.602395 0.019410
处理 0.083520 0.064753 0.113191 -0.001439 -0.028436 0.014185 -0.322677 -0.110213 0.001271 0.384339
现象 -0.219647 -0.147439 -0.007819 0.081056 -0.313932 0.017733 -0.054695 0.419375 0.265100 0.306725
加大 1.513599 -0.947113 0.481425 1.047591 0.341689 -0.659977 0.726313 -0.037695 0.495562 0.319727
一起 -0.114788 0.202843 -0.280399 0.182130 0.205902 -0.276324 0.480525 0.188346 0.098177 -0.127937
新春 0.123067 0.139369 -0.730256 -0.064270 -0.146554 -0.561726 -0.106490 -0.158366 -0.558410 -0.024354
接受 0.335948 0.136787 -0.097242 -0.230466 0.075497 -0.580140 0.172517 0.154701 0.073383 0.270210
分析 -0.076966 0.290925 0.126180 -0.168424 -0.192488 0.063340 0.122619 0.185286 0.063327 -0.239507
力度 -0.144183 -0.280209 -0.248277 0.311582 0.337146 0.106667 0.226378 0.211568 0.505295 0.006529
表现 -0.492999 0.002266 -0.544124 0.242150 0.168652 0.345175 0.079730 -0.680314 0.146678 0.522873
住 -0.091423 0.203075 -0.770183 0.246556 -0.173693 -0.113146 0.232414 -0.436198 -0.221758 0.352449
居民 -0.436323 -0.410825 -0.067058 0.681533 -0.273118 -0.716767 0.374370 0.067786 -0.313003 0.427378
晚会 -0.129373 0.012223 -0.385082 0.198863 -0.322096 0.002417 -0.256692 -0.017724 -0.109471 0.086750
商品 0.525104 -0.507753 -0.141265 0.675063 -0.365444 0.034634 0.175296 0.278455 -0.372614 0.805912
邓 0.622472 1.199338 -0.517029 0.592479 -1.450889 -1.301534 1.128842 1.525399 -0.464472 -0.712941
方针 0.511285 0.167482 -0.125698 0.589222 0.307541 0.271986 -0.890687 0.339788 0.839100 -0.361505
最后 -0.194415 0.411937 -0.323155 -0.376587 0.022067 0.043276 -0.063390 -0.010983 -0.349738 -0.501726
抓 -0.089491 0.123671 0.152522 0.331095 0.307496 -0.167264 0.297334 -0.662774 0.194065 0.637818
读者 -0.360657 0.196302 -0.237573 0.349422 -0.232726 -0.834331 -0.267466 0.163426 -0.088684 -0.181845
资本 0.435679 -0.635443 -0.007189 0.629883 -0.209868 0.301562 0.121998 0.560760 -0.497264 0.284921
执行 0.573867 0.485571 0.099694 0.190704 -0.117794 -0.327273 -0.262029 0.026979 0.291788 0.231818
各项 1.800364 0.437542 1.179834 1.205312 0.584739 -0.852490 -0.437414 -0.239951 0.525948 0.184637
任何 -0.212483 1.262666 1.491336 -0.430160 -0.290035 -0.752940 0.482201 0.055279 -0.673553 -0.538305
还有 -0.320957 0.314438 0.005566 -0.358834 0.290284 -0.149877 0.355115 0.102147 -0.481415 -0.102525
腐败 0.328793 1.148963 0.412625 0.772868 -0.229887 -0.212388 -0.896149 -1.166374 0.235221 0.046480
精神文明 -0.106769 -0.453173 -0.837494 2.484362 0.549488 -0.315333 -0.655606 -0.738199 0.873643 0.464653
团结 0.057794 -0.013825 0.413863 0.552048 1.091901 -1.087909 -1.322939 -0.095343 0.440961 -0.894959
搞 -0.134521 0.244489 -0.289823 0.168568 0.365082 -0.202610 0.034259 -0.254502 -0.611473 0.494609
集中 -0.175536 0.206281 0.420656 0.482864 0.376789 -0.233811 0.105967 -0.056977 -0.072591 -0.526243
买 -0.919946 0.389332 -0.492052 0.002225 0.403344 -0.223105 0.667123 -0.485363 -0.718524 0.214618
亚洲 0.169865 -0.757011 -0.051494 -0.330756 -0.599518 -0.189155 -0.888077 0.615944 -0.929970 0.938635
水 -0.196545 0.153393 -0.170789 0.039398 -0.232808 0.099594 0.103516 -0.099105 -0.421772 0.018394
带 -0.899143 0.203567 -0.487527 0.172060 0.098550 -0.084235 0.792586 -0.672018 -0.296462 -0.090400
统计 0.527083 -0.340058 -0.248780 0.151114 -0.267503 0.894065 0.500318 0.353241 0.260071 0.844521
标准 0.066043 -0.198122 -0.180178 0.376871 -0.220187 0.084102 0.116035 0.286789 0.208213 0.319854
基层 1.193143 0.749155 0.207179 1.471207 0.064343 -1.392702 0.822337 -1.388538 -0.035107 -0.226583
特色 -0.037293 -0.450786 0.262424 0.329705 1.058692 0.340940 -0.370916 -0.948829 0.352036 1.399431
伟大 0.768052 0.912133 0.416391 0.383066 0.597881 -0.789953 -0.888817 -0.914883 -0.055717 -0.197712
观众 -0.486111 0.047761 -0.262569 0.237723 -0.358893 -0.200326 0.008178 0.031692 -0.262282 -0.003655
胡 -0.288685 0.918265 -0.795769 0.301127 -1.089291 -1.282238 0.355394 0.370125 -1.337310 -0.177650
选举 0.193138 0.270011 -0.514613 -0.107927 -0.825039 0.439783 0.585711 0.166777 -0.031501 -0.207251
难 -0.615924 0.142556 -0.228323 0.331701 -0.059129 0.100317 0.269751 0.094482 -0.206274 -0.167013
联系 -0.246960 0.160189 0.147648 0.073189 0.187502 -0.327769 0.078830 -0.263263 0.442905 0.067353
地位 0.049942 -0.038342 -0.094949 0.201941 0.074885 0.195009 -0.199451 0.203166 0.331580 0.381791
带来 -0.065675 0.601516 0.007613 0.033576 0.749689 -0.167017 -0.282550 0.401258 -1.049870 0.283577
时代 0.082688 0.410251 -0.194317 0.340242 0.217818 -0.074270 -0.597228 -0.072567 -0.382091 -0.037519
大力 0.541087 0.085239 0.367018 1.147668 1.573274 -0.657843 0.653488 1.236825 -0.156734 -1.200739
亩 -0.405248 -0.994471 -0.708451 0.233572 0.166962 0.240685 0.779143 0.156995 -0.973859 0.437386
案件 -0.137612 -0.198411 -0.095572 0.029731 -0.309232 0.391358 -0.003310 0.463897 -0.000852 0.018831
准备 -0.126578 0.087324 -0.508282 0.078449 0.113916 -0.045541 0.143626 -0.109715 -0.032811 -0.174036
甚至 -0.521979 0.126134 0.026441 0.033193 -0.190572 -0.102630 0.183032 0.398147 -0.309231 -0.144646
出版 0.191459 0.146089 -0.084787 0.018390 -0.039644 -0.133810 0.056187 -0.226122 -0.255871 -0.139472
石油 0.524759 -0.374391 -0.057562 0.363396 -0.446437 0.157340 0.423645 0.536824 -0.954677 0.164607
约 -0.710033 -0.698249 -0.606368 -0.737590 -0.234488 0.367380 0.644674 1.157284 -1.268765 -0.691637
每年 -0.434112 -0.301397 -0.297226 0.505750 -0.452781 0.257886 0.402992 -0.025745 -0.398222 -0.797866
培训 0.096682 -0.056072 0.230737 -0.104090 0.015759 0.217704 0.061047 -0.190396 0.094693 -0.209753
法律 0.516104 0.623572 0.385486 0.869435 -0.406473 -0.235099 -0.051415 0.420583 0.220920 0.581450
来到 0.297330 0.201744 -0.870049 -0.459547 0.257237 -0.677893 0.845096 0.119708 -0.387115 0.278827
罗 -0.627786 1.348835 -0.495611 0.990049 -1.526592 -2.558912 0.265797 -0.265469 -1.465907 -1.146651
未 -1.187748 0.318164 -0.677319 0.946209 0.046595 -0.050272 0.588633 1.469556 -0.408163 -0.431564
电力 0.895028 0.150384 0.843049 1.291485 -1.937911 -1.229420 1.036662 0.733067 -1.273174 0.794656
黄 -0.288282 0.773924 -0.847158 0.280052 -1.246321 -1.395371 1.016380 0.477655 -1.326787 0.343049
引起 0.063710 0.173209 -0.142261 -1.073126 0.767788 -1.704808 -0.629608 1.591902 -0.111289 1.359368
检查 0.456422 0.376481 0.268558 0.408094 -0.428263 -0.039395 0.337686 -0.140896 0.290568 0.246211
业务 0.311382 -0.170970 0.314153 0.470700 -0.065333 0.204562 0.243699 0.141441 -0.175782 -0.115879
恩来 0.066666 0.520926 -0.475608 0.481753 -0.469506 -1.486989 -0.725723 -0.608119 0.348532 0.079786
使用 0.027792 0.327003 0.034265 0.247578 -0.044999 -0.231480 0.019550 0.025163 -0.180782 0.735359
令 -0.259893 -0.033569 0.306334 -2.811266 -0.961875 -1.640028 1.533589 -0.702119 0.028887 0.336507
逐步 -0.282480 -0.458120 -1.148023 1.232767 0.913880 0.152630 0.299241 1.720510 0.166004 -0.743273
孙 0.278977 0.726949 -0.967100 0.360752 -1.205186 -1.124338 0.250311 0.329688 -1.155251 0.278032
即 -0.432075 -0.382032 -0.492638 0.243309 0.124180 -0.035452 0.048413 0.427541 -0.106032 0.018352
知识 0.077925 0.113095 0.082677 0.678706 0.116938 0.039761 0.091504 -0.012957 -0.082455 0.369644
队伍 -0.186171 -0.355335 -0.237036 0.647933 0.124616 -0.017452 -0.114510 -0.439267 0.158351 0.041114
举办 0.271205 0.071186 -0.888163 -0.368514 0.489388 -0.502247 -0.047765 -0.585208 -0.282122 -0.200388
马 -0.244274 -0.027268 -0.650413 0.545343 -0.930039 -1.279723 0.065177 0.641916 -1.279596 -0.049373
法国 -0.244279 -0.128044 -0.139922 -0.485140 -0.189043 -0.799175 -0.729975 0.126205 -0.325579 -0.671952
或者 -0.084033 0.075911 0.258072 0.084605 -0.639842 -0.242507 0.138207 0.611084 -0.072259 0.179766
然而 -0.553340 -0.014775 -0.517693 -0.389450 -0.051231 -0.198581 -0.050844 0.090218 0.503403 0.576279
明确 0.003531 0.973541 0.247075 0.220482 -0.481401 -0.065660 -0.062842 1.181770 0.582601 -0.221141
话剧 -0.163293 0.198289 -0.052313 0.087173 0.287031 0.023947 -0.485395 -0.678804 -0.601606 -0.885050
其琛 0.582495 0.988140 -1.910251 0.074602 -0.094153 0.566884 -1.101419 0.620550 1.207400 -1.187805
书 -0.251443 -0.216554 -0.199606 0.114409 -0.388679 -0.047666 0.135393 -0.314545 0.088248 -0.263342
证券 1.686800 -0.455645 0.042035 0.653674 -0.831707 0.101354 0.245231 0.401438 -0.965452 0.952649
拿 -1.354026 0.381806 -0.649667 0.057543 0.109077 1.369795 1.396979 -1.079798 -0.262748 1.149920
经 1.489200 0.558841 0.402126 -0.856423 -0.290196 -1.530093 1.501664 0.536124 -0.294346 0.137879
出来 -0.245642 0.119039 -0.009857 -0.143941 -0.225432 0.104246 -0.021821 -0.134533 0.061779 0.039413
林 -0.107005 0.321267 -0.756826 0.094731 -0.724244 -1.090485 -0.102065 0.172841 -1.145015 0.073456
能够 -0.476784 -0.007238 -0.862920 0.672418 0.669497 0.056273 -0.056587 0.816861 0.070971 -0.391978
党中央 2.427257 0.649151 -1.646581 1.355698 -0.494039 -1.852416 1.049679 0.390780 1.820429 -0.178157
市委 1.011447 0.314196 -1.537698 1.139525 -1.563171 -1.655848 0.797784 0.072105 0.153309 -0.281253
之一 -0.183541 -0.252291 -0.189971 -0.385081 -0.130800 0.229791 -0.399313 -0.160966 0.240534 0.055365
整个 1.014496 -0.271517 0.089972 -0.131162 0.624671 -0.485303 -0.001213 -0.200411 -0.699618 0.869393
出席 0.972348 0.471625 -1.438369 -0.215580 0.424567 -0.154181 -0.419373 -0.234605 0.356000 -0.555641
设备 0.218652 -0.225654 -0.179819 0.352814 0.027571 0.083828 0.160870 0.360632 -0.231262 -0.030244
友好 0.881233 0.139235 0.502941 0.338974 0.686968 -1.294803 -0.977608 1.117570 -0.529001 -1.466151
真正 -0.513733 -0.092950 -0.632309 0.509997 0.483234 0.133960 0.006582 0.598611 -0.276154 -0.447967
平均 -0.148448 -0.671676 -1.136698 0.388380 -0.397707 -0.065341 1.860605 0.864609 -2.128596 0.879911
培养 -0.164900 -0.016929 0.152256 0.113110 0.430382 -0.075358 0.245931 -0.659836 -0.229031 -0.049623
控制 0.084341 -0.071810 -0.125969 0.160858 -0.206513 0.098943 -0.094629 -0.038460 -0.272874 0.421651
当前 -0.098686 -0.511204 0.292696 -0.327363 0.383611 -0.170603 -0.380862 0.285061 0.287830 0.376115
速度 -0.399788 -0.298386 -0.136731 0.408971 0.114331 0.507212 0.137635 0.316427 -0.078956 0.698775
欢迎 -0.138278 0.315300 -0.007509 -0.536417 -0.279996 0.023580 -0.097117 0.018963 0.603142 -0.105773
反映 -0.107059 0.111545 0.228572 -0.104794 0.805673 0.001824 -0.016933 -0.233774 -0.145404 0.985561
所有 0.201837 0.503820 1.010103 -0.805258 -0.095187 -0.771683 0.420555 -0.027798 -0.450211 -0.031246
铁路 0.375760 -0.136691 -0.002262 0.513376 -0.058520 -0.398167 0.242548 -0.548662 -0.522694 0.293807
关键 -0.156146 0.360922 -0.119649 -0.361268 -0.011031 0.424383 -0.706102 -0.492125 -0.304482 -0.217303
首都 0.221047 -0.502229 -0.224948 -0.180716 0.014994 -0.735126 -0.052968 -0.115394 -0.401324 -0.287374
大型 0.446214 -0.600696 -0.143990 -0.929242 -0.138199 -1.205068 0.812104 -0.185268 -1.943036 0.609258
办法 -0.246485 0.024549 -0.246814 0.338543 -0.198161 0.175077 -0.011980 0.143529 0.499488 0.084666
京剧 -0.055135 0.591974 -0.077467 0.552770 0.536364 -0.352654 -0.669549 -1.045051 -0.653657 -0.176341
效益 -0.196754 -0.231155 -0.067074 0.372341 0.222022 0.164911 0.109655 0.304382 -0.143082 0.239140
巨大 0.308390 0.483551 -0.010105 0.026239 0.322862 0.060419 0.095291 0.636581 -0.672407 -0.038775
均 -0.790484 -0.639759 -1.134836 1.222756 -0.269326 0.522023 -0.157168 0.656204 -0.393815 -0.459418
呢 -0.346295 0.192996 -0.217325 -0.464320 -0.358941 -0.124177 -0.048399 0.192594 -0.037241 0.345533
及时 -0.186370 0.012917 -0.801565 1.166980 -0.017787 -0.287629 0.347505 1.222362 0.305581 -0.681219
发 -1.316264 0.940508 -0.427433 0.365286 0.562909 0.170772 1.142839 -0.408910 -0.916421 -0.292006
建 -0.362583 -0.579503 -0.669147 -0.237153 0.184321 0.263395 -0.298019 -0.784706 -1.261641 0.345490
公里 -0.376399 -0.541212 -0.760625 0.067125 -0.128629 0.040107 0.578181 -0.149039 -0.900615 0.739184
销售 0.276752 -0.390097 0.086324 0.651247 -0.401010 0.089511 0.665549 0.702135 -0.607835 0.050460
交流 0.207767 0.018739 0.479516 -0.212103 0.270933 0.694886 -1.259271 0.058719 0.616838 -0.635908
随着 0.364993 -0.245640 -0.335233 -0.357142 0.595932 -0.347729 0.025497 0.001742 -0.238294 0.573452
节日 0.318819 0.228845 -0.891297 -0.215731 -0.655196 -0.126253 -0.596331 -0.123019 -0.949237 0.056615
比较 -1.052132 -0.163021 -0.331056 1.526635 1.025452 -0.671575 -0.377242 -0.117116 -0.782967 -0.037727
变 -0.587729 0.395916 0.268682 0.266011 0.137491 0.071204 0.285745 0.202411 -0.505618 0.756260
老人 -0.332497 0.324307 -0.471705 0.250128 -0.380466 -0.318938 0.211618 -0.108882 -0.037149 0.082871
汽车 0.062497 -0.222754 -0.394438 0.178382 -0.380435 -0.106042 0.077944 0.265336 -0.783668 -0.004552
何 -0.088254 0.603120 -0.291785 0.430779 -0.747025 -1.882980 0.424741 0.397301 -1.365802 -0.571040
商业 0.521894 -0.865680 1.188371 0.736483 -1.027933 -1.425877 0.633976 -0.020736 -1.753311 -0.338385
进步 0.132448 -0.154152 -0.024176 0.092083 0.202852 0.091432 -0.105187 -0.042417 0.334001 0.034174
表明 -0.002290 -0.389153 -0.289355 -0.629321 -0.000292 -0.275168 0.068041 0.409896 0.301082 0.489125
会谈 0.116401 0.301997 -0.275730 -0.744943 -0.672349 0.986816 -1.010271 0.526530 0.329180 -0.553656
得 -0.887493 0.263884 -1.278913 0.485405 0.025266 0.111516 0.513551 0.335269 -0.549806 0.311315
联合国 0.442118 0.282028 -0.304407 -0.028322 -0.348521 -0.703499 -0.777360 0.651815 0.476230 -0.899522
旅游 0.557149 -0.177177 0.376537 0.456374 -0.444912 -0.474760 -0.136765 0.122480 -1.120559 -0.205237
公安 1.714373 0.476343 0.957668 1.642147 -0.819776 -2.374555 0.331656 -0.474054 -0.880575 0.096092
还是 -0.588764 -0.275040 -0.545422 0.207677 0.130547 -0.422013 0.302197 0.212626 0.074675 0.197101
有限公司 0.461364 -0.581520 -0.621382 0.462807 -0.195003 -0.067391 -0.059849 0.361767 -0.355117 -0.378718
完全 -0.960744 -0.340994 0.951378 0.113379 -0.474033 -0.307852 -0.385815 2.232558 -0.303216 -0.546367
需求 -0.116060 -0.086616 0.049709 0.242581 0.001979 0.332095 -0.146741 0.387413 -0.077859 0.058984
体现 -0.220431 -0.117775 -0.388258 -0.302171 0.188238 -0.429443 -0.081805 -0.190401 0.650842 0.439503
价值 -0.310142 0.164667 0.586058 0.083350 -0.056746 0.639124 0.654923 0.537552 -0.437648 0.002363
谈 -1.839406 0.101848 -0.334623 -0.186983 1.336065 0.274060 0.220137 -0.314834 0.338550 0.769132
突出 -0.179054 0.471652 0.957750 -0.331223 0.162558 0.087386 -0.648873 0.372681 -0.118881 -0.608192
完善 0.264576 -0.472169 0.138652 0.240207 0.179396 -0.330300 0.191396 0.126961 -0.120665 0.395331
协会 0.515904 -0.147318 -0.537198 0.255820 -0.510836 -0.615388 -0.127758 0.027464 0.143363 -0.391110
部分 -0.001427 -0.087192 0.149929 -0.046928 -0.291890 -0.164373 0.082883 0.165238 0.040322 -0.099675
委员 0.429335 0.047316 -1.020294 0.052681 -1.081008 -0.701660 0.775492 0.621851 0.212320 -0.001207
近年来 -0.014390 -0.557380 -0.137425 -0.267457 0.242258 -0.306976 0.120879 0.198741 0.363575 0.025574
正式 0.154134 -0.141919 -1.074044 0.257982 0.383397 0.222306 -0.440230 0.787719 -0.465794 -0.891144
初 -0.211570 -0.223892 -0.624240 -0.111600 0.058981 0.053547 0.107788 0.282062 0.153385 -0.007851
超过 -0.121363 -0.103376 -0.272403 -0.555946 0.219214 0.198958 0.395014 0.401409 -0.463978 0.048217
处 -0.162530 0.097600 -0.079680 -0.086726 -0.301638 -0.031986 0.265534 0.383225 -0.507691 -0.067810
谈判 0.104662 0.149458 -0.515585 -0.270357 -0.059815 0.337797 -0.736712 0.404592 0.374357 -0.525956
领导人 0.116896 0.209381 -0.460111 0.004196 -0.057120 0.082391 -0.299452 -0.221917 0.279763 -0.413819
一直 -0.913236 0.022136 -0.691041 0.631144 -0.275560 -0.199872 -0.428493 1.224059 -0.226935 0.189436
支 -0.054010 0.027202 -0.230412 0.498643 0.056992 -0.877077 0.453306 -0.357666 -0.377236 0.052733
因素 -0.272375 -0.114472 -0.080151 0.012389 -0.248099 0.212613 -0.000424 0.503304 -0.034033 0.317433
全市 -0.461609 -1.077573 0.091852 0.058627 0.294946 -0.559332 0.586108 0.225902 -0.294141 -0.567018
方法 -0.065279 0.206964 -0.132289 0.495338 -0.124893 0.172254 -0.163121 -0.000562 0.284949 0.198026
菜篮子 2.634634 -0.216878 0.941036 0.846652 0.413054 1.312823 0.564517 -1.062717 -0.888715 1.858740
恢复 0.387494 -0.404913 -0.489299 0.208297 0.122492 -0.195218 -0.272799 0.197501 -0.343079 0.430719
下午 -0.331339 -0.535106 -1.830695 0.042272 -0.758717 -0.607914 0.590260 -0.447765 0.660003 0.122313
连续 0.007970 0.584618 -1.576668 -0.433201 1.625794 0.354649 0.488905 -0.369816 -1.114828 -0.930314
各国 -0.076319 -0.527786 0.278598 0.029018 -0.038111 -1.226126 -0.698697 0.421795 0.069206 -0.187895
合理 0.149660 0.262299 0.125692 0.659613 0.261366 0.013870 0.266788 0.406224 -0.180973 0.382734
转变 -0.071927 -0.454364 0.005384 0.420545 0.277421 0.116293 -0.144347 0.008447 0.329594 0.701813
之后 -0.196252 -0.130169 -0.372407 -0.281328 -0.196580 -0.148569 -0.166597 0.028211 0.170820 -0.036782
外交 1.032831 -0.029173 0.214278 0.586745 -0.635654 0.286037 -2.003463 0.306410 0.002593 -1.373889
部 0.185959 0.156666 -0.095709 0.281251 -0.235847 -0.462712 0.227551 -0.043967 -0.291626 -0.247933
内部 0.099354 0.139817 0.628173 0.814122 -0.420822 -0.369217 0.298468 0.955980 -0.346892 0.621804
关注 0.150848 0.157597 -0.040006 -0.374411 -0.071641 -0.199038 -0.249969 0.093013 0.204723 0.378451
只有 -0.498243 -0.143769 -0.605337 0.305374 0.775297 -0.394776 -0.023512 -0.052548 0.289550 0.406075
意见 -0.006425 0.270535 -0.440080 -0.005827 -0.152184 0.070949 -0.421536 0.014099 0.712686 -0.021614
而是 -0.593086 -0.306276 -0.651570 0.301580 0.381804 -0.326969 -0.212365 0.264330 0.132609 0.194783
手 -0.278650 0.300132 -0.750719 0.110915 -0.412832 -0.130479 0.153205 0.115561 -0.186001 -0.135818
土地 0.191386 -0.122395 -0.176746 0.480501 -0.275867 0.191105 0.249824 0.222523 -0.054697 0.533196
未来 0.102663 0.306683 -0.100252 -0.080331 0.369040 0.193405 -0.331381 -0.002784 -0.313878 -0.304131
适应 0.555096 0.220760 0.310129 -0.331567 1.005704 0.154364 -0.436858 0.148516 -0.249569 1.646871
现实 -0.059888 0.416932 0.368112 0.921607 0.363298 -0.593441 -1.123507 -0.017909 -0.954776 -0.100255
时候 -0.722204 0.049492 -0.293625 -0.253473 -0.129418 0.043631 0.031734 -0.147490 0.258225 0.027944
从而 -1.012177 -0.490766 -0.748730 1.003667 0.719705 0.656763 0.150635 1.358168 0.356904 -0.230401
状况 -0.290841 -0.173455 -0.146497 0.263060 -0.003461 0.126545 -0.064205 0.520536 0.199413 0.091951
见 -0.815651 0.952132 -0.596322 -0.825182 -0.476352 -0.149230 0.462590 0.091433 -0.959022 0.546382
依法 0.215971 -0.079021 -0.759508 1.299972 -0.073651 -0.915718 -0.178948 0.920416 -0.176504 0.574724
请 -0.639176 0.790664 -0.372768 -0.092180 0.162000 -0.380050 1.057067 -0.289657 0.224364 -0.028335
国民经济 0.852681 -0.660171 0.171199 0.826918 1.063659 1.362143 -0.700370 0.354001 -1.120938 -0.082604
改变 -0.158795 -0.255367 0.006064 -0.281218 0.219138 -0.517725 0.155571 0.094457 0.072102 0.673763
关心 -0.102734 0.378656 0.557462 -0.043838 -0.068565 -0.283662 0.135268 -0.038037 0.411826 0.196760
意识 -0.264944 0.176742 0.448861 0.934036 1.004791 0.487344 0.168224 -0.103805 0.539928 0.846687
劳动 0.083928 0.242256 0.157564 0.349528 -0.005649 -0.023587 0.050719 0.039372 -0.101719 -0.093229
一切 -0.185909 0.213505 0.273712 0.264293 -0.132605 -0.325458 -0.005610 -0.219921 0.170819 -0.088772
小平 0.491526 1.273390 0.191005 0.322451 0.197106 -0.579899 -1.258208 -0.780561 1.142394 -0.451250
虽然 -0.364896 0.016082 -0.186434 -0.464623 -0.015809 -0.052721 0.019096 0.369295 0.001769 0.118287
建成 0.050314 -0.238857 -0.479780 -0.333235 0.062353 0.278285 -0.005674 -0.406949 -0.311472 0.064338
一月 0.582134 0.672880 -2.542214 0.367623 -0.547742 -1.305838 0.226787 0.983144 -1.903775 0.309441
节目 -0.105130 0.067947 -0.262714 0.038264 -0.201781 0.157678 -0.106558 -0.282142 -0.068094 -0.197697
安排 -0.214387 0.047723 0.075044 0.035842 0.072798 -0.006488 -0.029459 -0.597563 0.046338 0.190167
反对 0.141667 0.209526 -0.581182 -0.005192 -0.175422 -0.666650 -0.374797 0.777271 0.025105 0.191138
任 0.638167 0.350351 -0.971822 -0.064730 -1.414345 -0.840072 0.316010 -0.174616 -0.606276 -0.446289
德国 -0.243173 -0.218653 -0.335428 -0.351806 -0.163658 -0.753403 -0.426467 0.147991 -0.431124 -0.420094
严格 0.437157 0.364981 0.178901 1.518645 -0.024208 -0.982093 0.522646 1.505198 0.863727 0.150536
基金 0.374425 0.075814 0.151977 0.572639 -0.459774 -0.057574 0.469012 1.049132 -0.511389 -0.733300
谁 -1.359618 0.731391 -0.650493 1.376175 -1.059966 -0.290962 0.114030 -0.083695 -0.452134 -0.274512
集体 -0.091270 -0.059679 0.512026 0.279585 -0.170971 -0.281424 0.176033 0.498164 -0.237856 -0.079890
交易 0.057763 0.028169 0.107113 0.446351 -0.369331 0.208142 -0.110075 0.546687 -0.374205 0.109892
教师 -0.384682 0.167846 0.241580 0.395300 -0.495106 -0.501719 0.595793 -0.012955 0.221203 0.517038
军队 0.084328 -0.438082 -0.343139 0.883921 0.157617 -0.676469 -0.482981 -0.535662 0.034467 0.331940
选手 -0.288731 0.266442 -1.029004 0.093612 -0.891867 0.238001 0.695049 -0.076778 0.153242 -0.108821
批准 0.136499 -0.289602 -0.271706 0.099991 -0.405048 -0.101602 0.060696 0.424884 0.004940 -0.004029
维护 0.313052 -0.430553 0.545660 -0.576777 0.555336 -1.118737 -0.507852 0.312375 0.050989 1.074144
正确 0.929416 1.369964 0.330309 1.301932 0.509722 -1.020676 -0.097163 0.647574 1.137250 0.048094
程度 0.111592 0.274903 -0.181393 0.592869 -0.250378 0.800969 -0.079768 0.185501 0.248707 0.899064
突破 -0.033403 -0.112073 -0.102883 -0.159147 0.122981 0.269645 0.201169 0.180265 -0.076552 -0.022536
感到 -0.410629 0.270728 -0.538611 -0.085732 0.231245 -0.640913 -0.056895 0.388365 -0.360488 0.393912
党委 0.254134 0.009472 -1.230926 0.625950 -1.013861 -1.366833 0.035578 -0.141977 1.121330 0.640105
风险 -0.009872 0.035135 0.353367 0.309122 -0.062934 0.213364 0.025437 0.681346 0.200470 0.360967
人类 -0.133603 0.338373 -0.018752 0.513584 0.261764 -0.592259 -0.395188 -0.022140 -0.245213 0.624490
观念 -0.022118 0.211761 -0.213672 0.465762 0.014883 0.011423 -0.328308 0.150987 0.167175 0.447412
村 0.049349 -0.271742 -0.053368 0.090354 -0.256239 -0.171795 0.477988 -0.287843 -0.073884 -0.160063
典型 0.355621 0.661386 0.204013 0.490340 0.014381 -0.311271 -0.116498 -0.269573 0.527272 0.133592
广泛 0.361899 0.137432 0.079145 0.871277 0.920021 -1.092703 -0.096604 0.732426 -0.572588 -0.955385
下降 -0.575969 -0.198389 -0.257022 -0.099864 0.138667 0.527199 0.360080 0.048958 -0.323487 0.923681
自然 -0.221719 0.191541 0.175337 0.516540 -0.073757 0.135233 -0.404568 -0.073494 -0.266159 0.314677
１９９５年 0.173185 -0.599377 -1.227420 -0.157908 -0.228014 0.408410 0.078654 0.489544 -0.604206 -0.014092
越来越 -2.285210 0.575566 -0.856420 1.842859 1.064068 -0.776532 -0.422179 0.599462 -1.298431 0.847850
靠 -0.203418 -0.048878 -0.067393 -0.077715 0.340614 -0.243470 0.264805 -0.189533 -0.154582 0.368908
越 -2.485036 0.609890 -0.709348 1.271545 0.783082 -2.044893 -0.487383 -0.897981 -0.125179 0.186606
著名 0.329803 0.163254 -0.105615 -0.076483 -0.547772 -1.436864 0.492729 -0.304241 -1.297237 -0.829674
座 -0.337033 -0.351133 -0.752542 -0.137852 0.082383 -0.433747 0.238147 0.078780 -1.305298 0.366854
迅速 0.127858 -0.011570 -0.547153 0.743824 0.601918 0.403588 0.189128 0.823168 -0.364801 -0.560102
学 -0.510747 0.725828 0.610220 0.882721 0.914897 0.132041 0.935921 -1.022212 -0.300983 1.255316
建议 -0.027800 0.028443 -0.302795 0.052020 -0.283920 0.077680 -0.342553 0.102778 0.313534 -0.241464
原 0.078754 -0.154453 -0.649001 -0.057927 -0.671276 -0.400782 0.303939 0.295204 -0.207993 -0.479347
话 -0.401707 0.613237 -0.366584 -0.177377 -0.257991 -0.118991 -0.180529 -0.145636 0.288806 -0.188580
回 -0.099025 0.217155 -0.298009 -0.329349 0.123183 -0.299965 0.296246 0.054328 -0.394973 0.068964
进展 0.039693 -0.347011 -0.390309 -0.198806 0.107074 0.664365 -0.506811 0.326685 0.221056 -0.080135
太 -2.097162 0.704148 -0.412788 0.719582 0.137945 -0.543314 0.288359 0.061113 -1.233654 0.842516
组成 0.061464 -0.332591 -0.138151 -0.147914 0.240706 -0.106662 -0.184411 -0.247036 -0.286047 -0.117016
道 -0.352741 0.324550 -0.700755 0.108790 -0.086476 -0.112549 0.139842 -0.028152 -0.477308 0.327323
金 0.072034 0.561905 -0.575741 0.083750 -0.355251 -0.932659 0.311264 0.192165 -1.078944 -0.022462
基地 0.166556 -0.452358 -0.373185 0.291297 0.177136 0.159790 0.163068 -0.193620 -0.082830 0.047205
运行 -0.233678 0.029871 0.849239 0.532030 0.031470 0.770492 0.218281 0.428109 -0.157662 0.756650
救灾 0.954318 0.665787 0.288265 0.529451 -0.039682 -0.149062 0.636999 -0.560571 0.431741 0.469435
粮食 0.584040 -0.707263 -0.731140 0.686306 0.225773 -0.052670 0.086357 0.445122 -1.131265 0.546383
人士 -0.221196 0.128743 -0.420406 0.121344 -0.326357 -0.757193 -0.203197 0.248715 0.315530 -0.450725
事件 -0.094643 0.005846 -0.166708 -0.233557 -0.458548 0.220376 -0.313409 0.462205 0.188015 -0.129122
官兵 -0.140890 -0.019226 -0.222745 0.453600 -0.085148 -0.644515 -0.214817 -0.130802 -0.113340 0.019341
选择 -0.134065 0.002904 -0.148535 0.136019 0.155829 -0.112246 0.126623 -0.264524 -0.171218 0.191113
规范 0.235080 -0.014384 0.110587 0.454551 -0.176200 -0.029016 0.115632 0.169906 0.082948 0.370542
非常 -1.080006 0.830481 -0.533245 1.144470 1.065672 -1.204395 -0.470168 0.437015 -1.033366 -0.455856
保障 0.301939 -0.092508 0.267341 0.334792 0.027556 0.021269 0.035783 -0.215898 0.105628 1.040084
小组 0.091151 -0.276207 -0.207983 0.278188 -0.254779 -0.223211 0.126678 0.128595 0.217724 -0.784414
面积 -0.955251 -1.613023 -0.652108 1.244508 -0.223185 1.481096 0.953080 -0.116101 -0.635457 -0.414473
早 -0.273682 -0.491053 -0.883981 0.252569 0.080551 0.041854 -0.062443 0.003625 -0.068289 -0.028540
[中共中央 1.420882 0.054103 -1.877835 0.186070 -0.270584 -3.036323 1.605105 0.231854 -2.092633 0.209245
设计 0.225305 -0.070473 -0.012263 0.401862 0.020637 0.038691 0.117768 -0.035416 -0.114905 -0.094072
全省 -0.194826 -1.308290 0.224695 -0.245085 0.094142 -0.545465 0.654948 0.105971 -0.091762 -0.499235
范围 -0.139598 -0.887660 -0.132551 0.439318 -0.629054 -0.176599 -0.236662 -0.211376 0.154398 0.136431
站 -1.033798 -0.276198 -1.005134 0.358052 -0.555268 -0.565087 -0.079047 -1.113940 0.584790 0.766043
形象 -0.225419 0.162001 -0.050454 0.302866 0.027893 0.044964 -0.142629 0.044184 0.033554 -0.112159
另 -0.877383 -0.053007 0.266527 -1.205607 0.051392 0.244029 -0.533591 0.289664 -0.272129 -1.313373
确定 0.244991 -0.118407 -0.030982 -0.076755 0.352262 0.036202 -0.154096 -0.108938 -0.078145 0.029732
慰问 0.024483 -0.044063 0.070343 -0.019997 -0.487523 -0.257072 0.397279 -0.612309 0.370208 0.064262
损失 -0.134532 0.055877 -0.304298 0.008971 -0.580440 0.460315 0.416317 0.327261 -0.199204 0.115673
省委 1.102692 0.265658 -1.533290 1.105015 -1.834224 -1.264988 0.505724 -0.180738 0.057599 -0.360864
协议 0.094033 -0.000950 -0.363396 -0.229124 -0.223237 0.389299 -0.174573 0.539112 0.227634 -0.125104
多少 -0.609707 0.634958 0.239459 -0.212000 -0.070638 -0.112583 0.450032 -0.001965 -0.308419 -0.153230
探索 -0.017955 -0.037215 0.097993 0.366926 0.687985 0.318368 -0.194449 -0.356496 -0.007166 0.271809
面临 0.055464 0.535276 0.453575 -0.022898 0.636915 0.378725 -0.377096 0.146525 -0.720610 0.497686
切实 -0.006030 0.359185 -0.038225 1.623335 1.046880 -0.768767 0.656721 1.243951 0.998189 -0.344556
拥有 -0.629001 -0.236131 0.003133 -0.258406 0.894008 -0.148218 0.350134 0.237834 -0.897486 -0.013891
[美国 0.819251 -0.507775 0.374241 -0.519690 -0.571375 -2.856065 0.500894 1.122403 -1.283016 1.034958
宏观 1.655293 -0.037756 1.277910 1.196874 -0.089523 -0.799122 -1.062910 0.811299 -0.436373 1.143328
朋友 -0.477452 0.375137 -0.404177 0.140086 -0.535441 -0.397825 0.181477 -0.110381 0.196559 0.006474
尤其 -1.612647 -0.495493 1.174011 -0.647807 -1.431792 0.184790 -1.754487 0.342799 -0.008757 -0.939804
份 -0.053659 0.982400 -0.754541 0.311946 0.033794 -0.394214 0.381342 0.527407 -0.857059 -0.247700
相互 0.042205 -0.528508 0.467657 0.934085 1.345625 -2.562104 -0.786196 2.165308 -1.239815 -1.274990
改造 0.022926 -0.198906 0.090274 0.186782 0.143033 0.400346 -0.086901 -0.146815 -0.033147 0.228106
最高 0.020435 0.437241 0.354051 1.230220 -0.325816 0.198723 0.449204 -0.389119 -0.908391 0.413062
先生 -0.074990 0.152867 -0.514819 0.325392 -0.141943 -0.269451 -0.127036 0.039003 0.227171 0.056249
今后 -0.030737 -0.490571 0.081447 -0.409139 0.552837 0.371843 -0.449253 -0.457988 -0.082844 -0.284929
快 -0.349406 -0.346316 -0.507778 -0.090178 0.322577 0.656737 0.092491 0.263458 -0.640297 0.161495
做好 1.078685 0.583187 0.316048 0.712615 0.553065 0.020710 1.168190 -1.018143 0.399674 1.385744
韩国 0.106044 -0.063400 -0.036400 -0.456154 -0.724276 -0.309736 -0.295760 0.434292 -0.397725 0.138223
成员 -0.069633 -0.153983 -0.292038 0.144215 -0.378456 0.091951 0.152024 0.140435 0.091599 -0.419472
面对 -0.027491 0.152905 -0.053942 -0.615469 0.314715 -0.246082 -0.054915 0.348949 -0.289478 0.907869
区域 1.373932 -0.999124 0.092137 1.228971 0.220551 -0.575988 -0.767193 0.518177 -0.771891 1.289870
股市 -0.054319 -0.351446 -0.357600 0.176271 -0.123455 -0.063836 -0.184425 0.704187 -0.735567 0.039632
[上海 0.723440 -0.216065 -0.218396 -1.960349 -0.788563 -1.683546 0.531693 0.240382 -3.271722 0.929650
重 -0.111529 0.350845 -0.159406 0.278374 0.036389 0.059861 0.305834 -0.088763 -0.514223 -0.043377
底 0.004208 -0.617236 -0.528673 -0.148086 0.050882 0.087938 0.058328 0.366879 -0.007578 -0.113379
近日 -0.120991 -0.491898 -1.224431 0.163575 0.109344 -0.339230 0.147378 0.107813 0.260746 -0.450211
专业 0.620913 0.021281 0.556070 0.696273 0.153812 0.089505 0.515916 -0.403098 -0.661105 -0.019286
深化 0.331805 -1.772090 0.697810 0.687240 0.289707 -0.026579 -0.082581 -0.691888 0.105205 0.623237
坚决 0.488197 0.893749 -0.827807 1.187915 0.521562 -0.964986 0.266554 1.452821 0.792037 0.399639
人物 -0.227520 0.108582 -0.341364 0.080662 -0.095304 -0.200536 -0.485930 -0.078093 -0.430258 -0.267019
重新 0.143760 0.722480 -0.742752 0.786254 0.367712 -0.113737 0.604080 0.864222 -0.217850 -0.614709
丰富 0.202748 0.122942 0.199540 0.359730 0.377317 -0.089565 -0.096121 -0.107654 -0.276532 0.380586
给予 -1.000643 -0.175289 -0.009867 -1.285166 1.329951 -2.609302 -0.091151 1.372962 1.320260 0.962403
有人 -0.732383 0.802162 -0.819699 0.478756 -0.602906 -0.663052 0.188695 0.122512 0.286343 -0.195014
[人民 0.196424 0.051628 -0.187499 0.669420 -1.710053 -3.439610 -2.142284 -0.056619 -2.318234 -0.347973
市民 -0.223969 0.109592 -0.284468 0.758974 -0.262992 -0.493211 0.210424 -0.030007 0.048605 0.256093
趋势 -0.043223 0.323468 -0.095533 0.171300 -0.041105 0.309910 -0.463364 0.595815 0.703011 -0.145174
部署 0.063036 0.269996 -0.142273 0.220210 0.525099 0.086740 -0.231186 -0.174270 0.826413 -0.102855
天气 -0.640691 -0.651349 -0.838548 0.797894 -1.756962 0.104228 -1.061620 0.533084 -2.391482 1.063464
问 -0.825285 0.016352 -0.492559 -0.708464 0.063839 -0.134432 0.147406 -0.207932 -0.075156 0.332810
爱 -0.641636 0.730194 -0.365630 -0.480919 0.160927 -0.824041 -0.527649 -0.533720 0.411485 0.206855
汇率 0.200038 -0.489547 -0.530076 0.807069 -0.567377 0.570140 -0.287355 1.294926 -0.588875 0.209498
以色列 0.226681 0.014221 -0.609896 0.088480 -0.401557 -0.995882 -1.312875 -0.008297 0.074316 -0.664766
股票 0.429586 -0.571394 -0.044785 0.495547 -0.730981 0.177402 0.103288 0.659158 -0.449990 0.770905
外资 0.172148 -0.733749 0.624521 0.091027 -0.310776 0.749500 0.124091 0.904201 -0.378817 -0.364707
顺利 0.398904 -0.498506 -0.594828 0.383582 0.668061 0.587828 0.104856 1.177540 -0.031472 -0.916051
尽管 0.021333 -0.139564 -0.184594 -0.464999 -0.124021 -0.072905 -0.020315 0.366832 0.212818 0.234020
协调 0.376935 0.140159 0.358380 0.228054 0.449087 -0.053600 -0.592586 0.101805 -0.143385 -0.563546
片 -0.069521 0.479117 -0.295106 0.443906 -0.070919 -0.753431 0.209657 -0.139681 -0.683042 0.207386
先 -0.207049 0.187232 -0.619170 0.461536 -0.114479 0.082961 0.463614 0.277124 0.038970 -0.281994
快速 0.650994 -0.743331 -0.006093 1.639678 0.974800 -0.900105 -0.971762 1.578069 -2.658292 -0.962910
套 0.063167 -0.043923 -0.184587 0.573266 0.005788 -0.395428 0.341344 -0.348104 -0.665637 0.476601
卫生 0.874615 0.004865 0.424639 1.133321 -0.019256 -1.109488 -0.010639 -0.119688 -0.684406 -0.314114
下乡 0.296649 -0.029813 0.096608 0.410082 -0.205649 -0.220626 0.060542 -1.141649 -0.203529 0.019397
道路 -0.047460 0.055784 -0.364576 0.390515 -0.152100 0.252295 -0.321198 -0.114165 -0.036581 0.670510
石 0.208392 0.566514 -2.529527 -0.017274 -1.086533 -0.351215 0.165716 -0.418744 0.123547 -0.490432
知道 -0.666244 0.318476 -0.545761 -0.769350 -0.256818 0.013563 0.177771 -0.207681 0.373081 0.875970
区 0.637361 -1.274857 0.070743 0.346482 -0.545335 -0.777674 1.421221 -0.816067 -0.450405 0.117323
综合 0.404800 0.168132 0.344204 0.784583 0.180244 -0.249619 0.468251 0.179496 -0.573536 0.349582
整体 0.237497 0.232826 0.117100 2.081807 0.190906 0.383653 0.057555 -0.393541 -0.874623 0.121241
手段 0.035228 0.021478 -0.136668 0.400376 0.048720 -0.078554 -0.076435 0.300012 0.381160 0.301066
上午 0.016776 -0.355794 -1.769191 0.050862 -0.506097 -0.677554 0.428823 -0.235412 0.640031 -0.045277
克林顿 0.176136 0.033645 -0.448879 -0.328907 -1.137150 -0.413988 -1.013667 0.320269 0.614644 -0.492566
如今 -0.765100 -0.566322 -0.473932 -0.629064 -0.378866 -0.420314 0.162078 -0.004624 0.069863 0.811222
正是 -0.536066 -0.154775 -0.688351 -0.415495 0.403374 -0.412883 -0.012621 0.197260 0.525253 0.722834
妇女 -0.359462 0.133214 -0.420164 0.332812 -0.058021 -0.304636 0.562221 0.053390 -0.206716 -0.066869
只要 -0.340345 -0.154770 -0.274642 -0.474220 0.311184 -0.206216 0.097874 0.176398 0.397171 -0.230713
深 -0.490698 0.479019 0.374836 0.040548 -0.446579 -0.122564 0.146867 0.382696 -0.484293 -0.031223
方 -0.313750 0.149954 -0.559264 0.563852 -0.380917 -0.392066 -0.225164 0.015573 -0.717221 -0.420374
生命 -0.043670 0.321364 -0.134952 0.604350 -0.010978 -0.113801 -0.314939 -0.044312 -0.422380 0.426947
号 0.661524 0.514087 -0.665906 0.598132 -0.358345 -0.457588 0.339662 -0.233795 -0.441455 0.839396
泰国 0.509574 -0.675449 -0.216067 -0.433604 -0.820022 -0.287313 -0.822288 0.549695 -0.600615 0.154828
电子 0.896653 0.192006 0.975181 0.811413 0.217860 0.240105 0.861221 -0.117384 -2.073069 0.053702
繁荣 0.160602 -0.113149 -0.052806 0.518795 0.693230 0.332821 -1.156823 -0.013691 -0.385375 0.100156
民主 0.943320 0.878147 -0.334238 1.596121 0.286885 -1.184781 -0.657623 -0.055152 -0.159764 1.353545
局面 -0.365651 -0.018770 -0.269519 -0.037402 0.111013 0.288889 -0.237214 0.460299 0.043173 -0.014934
推广 0.176481 -0.167836 0.218281 0.396627 0.340394 0.093056 0.600408 -0.682567 -0.124606 0.231874
外长 0.987382 0.770796 -1.859529 0.212018 -0.186622 -0.241331 0.102543 -0.042349 0.716990 -0.809463
外国 0.580487 0.133991 0.400774 -0.551879 -0.842202 -1.033216 0.342051 0.116874 -0.961224 -0.100973
往 0.578478 0.286696 -0.784443 -1.146088 0.223335 -0.491856 0.986031 -0.391708 -1.021471 1.172381
兼并 -0.190036 -0.166733 0.307902 0.000552 -0.239175 0.130768 0.023001 0.077956 -0.244046 -0.111309
目的 -0.402352 -0.062301 0.679905 0.074291 -0.841002 0.506060 -0.515054 0.249339 0.098530 -0.168900
同胞 -0.357265 -0.130351 -0.359128 0.530154 0.167965 -0.924425 -0.855353 0.036296 0.078050 -0.122893
韩 0.235755 0.342785 -0.579197 -0.041578 -0.590918 -0.791697 0.072690 0.672989 -0.884896 -0.455404
特点 -0.215879 -0.137495 0.126863 0.187818 -0.627130 0.226613 -0.300323 0.174547 0.307712 -0.018050
温暖 -0.022282 0.676501 0.050444 0.527491 -0.681451 -0.614456 -0.083453 -1.410724 -0.564627 0.360859
科研 1.204991 0.921475 0.878773 1.411932 -0.059823 0.380499 0.895775 -0.425227 -0.695788 -0.606621
１日 -0.299827 -0.310287 -1.037228 -0.052335 -0.158727 0.438171 -0.721287 -0.061556 -0.782180 0.533550
相当 -0.639672 -0.221229 -0.079260 -0.099340 -0.238041 -0.079623 -0.441393 -0.432543 -1.442265 0.207550
那些 -0.575023 0.022329 -0.376003 0.319985 0.160090 -0.656341 -0.252400 0.281677 -0.542215 0.158139
是否 -0.654279 -0.082424 0.108705 0.284428 -0.138122 -0.169046 -0.030243 0.562207 -0.138332 -0.176053
矛盾 -0.230292 0.291116 0.101587 0.391159 0.174923 0.153554 -0.418259 0.264860 0.361196 0.284513
一致 -0.223231 0.690696 -0.220424 0.106590 -0.140426 -0.372731 -0.434307 0.208718 0.490095 -0.392031
机会 -0.374438 -0.065622 -0.272993 0.067456 0.028329 0.110912 0.038731 0.144707 0.091403 0.156120
东南亚 0.891891 0.381587 0.776903 -1.713919 -2.031014 -0.978890 -1.021151 -0.625386 -1.069045 1.295633
１１月 0.297651 -0.478743 -0.920766 -0.085410 -0.365216 0.030525 0.368487 0.294217 -0.473515 -0.286002
厂 -0.214348 -0.827594 -0.126702 0.310411 -0.252720 0.095402 0.683236 -0.033516 -0.137114 -0.092072
为主 0.183924 0.004324 -0.152186 0.395076 0.090592 0.021698 0.121841 0.036645 -0.118282 -0.007307
股份制 -0.673237 -0.711156 1.104173 0.301216 -0.476330 -0.016406 0.307727 0.074050 -0.007037 -0.074591
天津 0.071415 -0.425744 -0.443454 -0.142741 0.217235 -0.389024 0.743247 -0.245693 -0.309711 -0.121127
再次 -0.118088 0.458099 -1.035361 0.547899 -0.029771 -0.326109 0.136272 0.642117 -0.038596 -0.815238
核查 1.052511 0.954748 1.266224 0.031411 -0.438561 -0.070310 -0.169748 -0.664205 0.814185 0.190422
分配 -0.096819 0.140315 0.595706 0.891604 -0.575772 0.549585 0.387998 0.492325 -0.183113 0.762512
南非 0.379606 -0.530879 -0.297221 -0.113851 -0.036926 -0.699669 -0.866893 0.170303 -0.222653 -0.561665
军区 0.205746 -0.177143 -0.548314 0.204826 -0.755112 -0.935239 0.158774 -0.379458 0.087579 -0.036652
常委会 1.201827 -0.336125 -0.665763 0.592719 -1.342881 -0.411174 0.423890 -0.300469 0.103576 -1.381030
旅客 -0.305390 0.201505 -0.353068 0.392312 -0.312937 -0.544576 0.099405 0.162782 -0.315659 -0.085219
报 0.309161 -0.024228 -0.635174 -0.043527 -0.680157 -0.217311 0.208658 0.176969 0.156448 0.346810
乡 -0.338823 0.044099 -0.054035 0.345823 0.190711 -1.162724 1.326950 -0.632345 -0.610735 0.274002
上年 0.125733 -1.118962 -0.720180 0.672371 0.114695 0.565670 0.950500 1.630382 -1.429131 -0.052127
推出 0.059928 -0.027049 -0.167094 -0.084911 0.731213 -0.010556 0.180265 -0.331502 -0.514276 -0.201856
学者 -0.054556 0.216191 0.024962 0.254884 -0.310548 -0.207221 -0.010576 -0.141183 0.607573 -0.538517
仪式 0.097581 -0.012767 -1.022669 0.094429 -0.657006 -0.115377 -0.466676 0.304461 0.110948 0.326604
注意 -0.468302 0.078382 0.098892 0.673835 0.558691 0.157334 0.476155 0.205374 0.366082 0.267214
彭 0.044029 0.711212 -0.281233 0.661582 -0.765256 -1.922199 0.547457 0.269061 -0.951860 -0.417617
武器 0.547727 0.361049 0.939604 -0.441803 0.168602 -0.490240 -0.425993 -1.261051 0.655312 -0.609268
消费 0.104542 -0.425630 0.192004 0.690148 -0.377173 0.558740 0.118738 0.614643 -0.594216 0.677264
电视台 0.032777 -0.060706 -0.781499 -0.101420 -0.169444 -0.103825 -0.372829 -0.205204 -0.392212 0.027873
符合 0.916933 0.091944 0.503318 -0.944767 0.457980 -0.405568 -0.187796 0.191630 0.147428 0.523096
各界 0.041780 0.224091 0.818713 0.442391 0.241729 -2.190713 -0.526619 0.325420 0.264676 -1.425864
战士 -0.146306 0.240658 -0.418993 0.343693 -0.305568 -0.391010 0.496716 0.011261 0.248727 -0.008545
灾民 -0.421689 0.149359 -0.171630 0.629590 -0.332478 -0.576535 0.165178 0.029082 -0.052723 -0.000239
车 -0.427036 0.059521 -0.572065 0.232219 -0.306218 0.086076 0.328366 -0.013163 -0.380163 0.029177
人大 1.015696 -1.005762 -1.544477 0.490007 -1.147923 -0.464330 0.546537 -0.460402 0.773205 -0.068543
告诉 -0.941488 -0.568642 -0.684008 -2.800292 -0.413463 -0.749239 -0.302434 -0.632667 1.400582 -0.172124
有些 -0.232534 0.755066 1.298378 -0.527695 -0.852940 -0.660758 0.441665 0.235072 -0.421915 0.288078
检察院 -0.130879 -0.364977 -0.423535 0.137916 -1.956541 -0.425552 0.217704 1.693172 0.083518 -0.411891
